1.426228766584249508e-03
2.225385388756400198e-03
1.914946375581840421e-03
2.225385388756400632e-03
8.886502314871093725e-03
1.481564590482567024e-03
2.290827859637478443e-03
3.397780296862476859e-03
5.501168099682105309e-03
1.266716338742590109e-04
2.567211779851649636e-03
3.500743336161339821e-03
1.050223000848402033e-02
5.134022086750351932e-03
9.627044174443684724e-03
1.155245300933242097e-02
6.418029449629123438e-03
1.343308489457258233e-03
1.496079054135744267e-03
1.266716338742590109e-04
7.701635339554947605e-03
6.418029449629123438e-03
7.701635339554947605e-03
1.882022249916393258e-03
5.022805656231487531e-03
1.266716338742590109e-04
2.225385388756399765e-03
1.266716338742590109e-04
1.266716338742590109e-04
1.848510786183503321e-03
1.678989410521946170e-03
1.266716338742590109e-04
1.050223000848402033e-02
4.278686299752748959e-03
1.650350429904631723e-03
2.139343149876374479e-03
1.506613949345823270e-03
3.397780296862475992e-03
2.239412585807973831e-03
1.143807228646774414e-03
6.244354751610312754e-03
2.221625578717773431e-03
3.331729856829931512e-03
4.813522087221842362e-03
1.343308489457258233e-03
2.091714135847049048e-03
3.610141565416381988e-03
2.511402828115743766e-03
1.863298872472971251e-03
2.310490601866484282e-03
4.011268406018201878e-06
4.011268406018201878e-06
4.011268406018201878e-06
4.011268406018201878e-06
4.011268406018201878e-06
4.011268406018201878e-06
4.011268406018201878e-06
1.266716338742590109e-04
2.225385388756400198e-03
6.080238425964432092e-03
6.418029449629123438e-03
2.567211779851649202e-03
2.325372988996059122e-03
3.040119212982216046e-03
2.265186864574984717e-03
2.225385388756400198e-03
7.701635339554947605e-03
1.391861808353303661e-03
5.776226504666210487e-03
2.357643471292331094e-03
2.225385388756400198e-03
2.225385388756400198e-03
1.808623598554851821e-03
2.225385388756400198e-03
2.225385388756399765e-03
1.500318572640574116e-03
1.426228766584249508e-03
1.533065180215233050e-03
8.886502314871093725e-03
2.031238043898579097e-03
1.925408834888736901e-03
1.650350429904631723e-03
9.627044174443684724e-03
1.674268552077162438e-03
2.609803621938890528e-03
3.431412317448187966e-03
1.908977523180476008e-03
7.701635339554947605e-03
3.040119212982216046e-03
3.040119212982216046e-03
7.220283130832763109e-03
1.925408834888736901e-03
2.876650578222096849e-04
2.225385388756400198e-03
4.278686299752749826e-03
2.225385388756400198e-03
9.627044174443684724e-03
2.454121278816145165e-03
2.750584049841052654e-03
2.888113252333105244e-03
1.650350429904631723e-03
4.443251157435546862e-03
1.266716338742590109e-04
8.251752149523158830e-03
2.100446001696803892e-03
5.776226504666210487e-03
3.500743336161339821e-03
2.457188417858006783e-03
1.893844755628265901e-03
2.525536263944966678e-03
5.776226504666210487e-03
2.139343149876374479e-03
8.251752149523158830e-03
9.627044174443684724e-03
3.726597744945942502e-03
1.155245300933242097e-02
1.750371668080669910e-03
6.080238425964432092e-03
5.022805656231487531e-03
4.443251157435546862e-03
8.886502314871093725e-03
1.750371668080669910e-03
1.375292024920526327e-03
1.841852499559182375e-03
1.266716338742590109e-04
7.220283130832763109e-03
2.221625578717773431e-03
1.885373738225189612e-03
2.225385388756400198e-03
2.225385388756400198e-03
2.406761043610921181e-03
3.066679394278431624e-03
2.296889748596236090e-03
1.464596701863417729e-03
1.843860606361264485e-03
1.776626775374316085e-03
1.266716338742590109e-04
2.225385388756399765e-03
1.582527809497592027e-03
1.884551352981283677e-03
2.221625578717773431e-03
1.833722699894035175e-03
1.561142298558435308e-03
1.820150739121793046e-03
2.062938037380789708e-03
1.855461032214095630e-03
1.520059606491108023e-03
2.026746141988144175e-03
3.610141565416381555e-03
2.225385388756399765e-03
1.266716338742590109e-04
1.895404715434296280e-03
1.698890148431238430e-03
2.120109774340983057e-03
1.359112118744990830e-03
1.540327067910989521e-03
1.391861808353303661e-03
1.650350429904631723e-03
1.538792640706263632e-03
2.225385388756400198e-03
2.075397111822568658e-03
2.026746141988144175e-03
1.893844755628265901e-03
1.777300462974218745e-03
1.627106057652453683e-03
8.886502314871093725e-03
9.316494362364856254e-04
1.343308489457258233e-03
2.225385388756399765e-03
1.893844755628265901e-03
4.278686299752748959e-03
2.225385388756399765e-03
2.225385388756400198e-03
1.540327067910989521e-03
6.795560593724953719e-03
1.255701414057871883e-03
2.460105160614031814e-03
6.418029449629123438e-03
9.627044174443684724e-03
2.225385388756400198e-03
3.602281757545766280e-03
2.576650058454044764e-03
1.155245300933242097e-02
1.266716338742590109e-04
1.014482991478466226e-02
4.620981203732968563e-03
1.958042882937698764e-03
1.604507362407280860e-03
3.983604485976697217e-03
2.139343149876374479e-03
2.225385388756400198e-03
2.310490601866484195e-02
1.412363528906452953e-03
2.225385388756400198e-03
1.375292024920526327e-03
2.310490601866484282e-03
1.050223000848402033e-02
1.283605889925824688e-02
2.750584049841052654e-03
1.283605889925824688e-02
2.021243663774601948e-03
1.283605889925824688e-02
6.080238425964432092e-03
8.251752149523158830e-03
2.406761043610921181e-03
1.444056626166552622e-02
5.776226504666210487e-03
1.650350429904631766e-02
2.629826701311445587e-03
2.436328132598770263e-03
1.738663496387822657e-03
2.223505483737087032e-03
2.225385388756400198e-03
1.833430854544548664e-03
6.080238425964432092e-03
1.893844755628265901e-03
2.630245997660506530e-03
1.863298872472971251e-03
1.331861750449351905e-03
1.935988004311202468e-03
2.225385388756399765e-03
1.991802242988348608e-03
2.422208803839489676e-03
2.162795381958579691e-03
1.777300462974218745e-03
2.225385388756400198e-03
1.582527809497592027e-03
2.406761043610921181e-03
1.255701414057871883e-03
1.777300462974218745e-03
2.750584049841052654e-03
1.674268552077162438e-03
2.100446001696803892e-03
2.457968725389877117e-03
2.625557502121005082e-03
2.225385388756400198e-03
2.225385388756400198e-03
1.681859107947144237e-03
5.119712040532410548e-04
1.266716338742590109e-04
5.251115004242010165e-03
2.221625578717773431e-03
1.155245300933242097e-02
2.817671465690834744e-03
1.735467680641689363e-03
2.121323076174585782e-03
2.062938037380789708e-03
1.863298872472971251e-03
3.726597744945942502e-03
1.283605889925824601e-03
1.266716338742590109e-04
3.548288361483036783e-03
5.251115004242010165e-03
3.165697406450541495e-03
4.185595962690560369e-03
1.776626775374316085e-03
1.322062900643674157e-03
1.650350429904631723e-03
2.139343149876374479e-03
2.225385388756400198e-03
1.266716338742590109e-04
1.266716338742590109e-04
3.850817669777473803e-03
2.357643471292331094e-03
6.795560593724953719e-03
1.925408834888736901e-03
1.805070782708190777e-03
1.808623598554851821e-03
1.833722699894035175e-03
2.225385388756400198e-03
2.179708114968381422e-03
1.863298872472971251e-03
1.620134915965599446e-03
1.698890148431238430e-03
4.011268406018201878e-06
4.011268406018201878e-06
4.011268406018201878e-06
3.675780502969407029e-03
3.610141565416381555e-03
2.225385388756400198e-03
2.888113252333105677e-03
2.225385388756400198e-03
1.991802242988348608e-03
2.225385388756400198e-03
2.225385388756400198e-03
8.251752149523158830e-03
3.850817669777473803e-03
5.776226504666210487e-03
2.225385388756400198e-03
2.057999624097816855e-03
2.512429788352172223e-03
1.375292024920526327e-03
3.040119212982216046e-03
3.850817669777473803e-03
2.225385388756400198e-03
1.375292024920526327e-03
2.225385388756400198e-03
7.701635339554947605e-03
1.155245300933242097e-02
2.225385388756400198e-03
3.983604485976697217e-03
2.135321828166080339e-03
2.784869442251417925e-03
2.225385388756400198e-03
2.225385388756400198e-03
2.357643471292331094e-03
1.650350429904631766e-02
2.225385388756400198e-03
2.225385388756400198e-03
1.155245300933242097e-02
2.554869415525439554e-03
2.225385388756400198e-03
2.225385388756400198e-03
4.306335694989475368e-03
2.062938037380789708e-03
8.251752149523158830e-03
3.397780296862476859e-03
1.050223000848402033e-02
3.983604485976697217e-03
2.139343149876374479e-03
2.225385388756400198e-03
7.701635339554947605e-03
4.278686299752748959e-03
3.726597744945942502e-03
3.122284597116870616e-03
2.842769338619475106e-03
4.443251157435546862e-03
2.225385388756400198e-03
2.750584049841052654e-03
4.722834259794581220e-03
2.567211779851649202e-03
2.225385388756400198e-03
1.960162041068527587e-03
2.686616978914516465e-03
1.050223000848402033e-02
2.162915695226602045e-03
6.080238425964432092e-03
2.225385388756400198e-03
3.610141565416381555e-03
8.251752149523158830e-03
1.650350429904631723e-03
6.418029449629123438e-03
1.629476539754663418e-03
1.906179158378626002e-03
2.265186864574984717e-03
2.225385388756399765e-03
2.100446001696803892e-03
1.298028428014878864e-03
1.674268552077162438e-03
1.925408834888736901e-03
1.114498042195942494e-03
5.251115004242010165e-03
2.225385388756399765e-03
2.221625578717773431e-03
3.610141565416381555e-03
3.209014724814561719e-03
3.850817669777473803e-03
4.575617519292560914e-03
1.266716338742590109e-04
2.026746141988144175e-03
1.724246717810809081e-03
2.225385388756399765e-03
2.819348651087078949e-03
2.625557502121005082e-03
5.022805656231487531e-03
2.225385388756400198e-03
1.698890148431238430e-03
1.283605889925824688e-02
8.886502314871093725e-03
1.283605889925824688e-02
6.408467805627972476e-03
1.958042882937698764e-03
6.795560593724953719e-03
2.310490601866484282e-03
1.698890148431238430e-03
1.283605889925824688e-02
2.793862470205684973e-03
1.937867909330515852e-03
1.050223000848402033e-02
2.316073216183660907e-03
1.981872437084887788e-03
1.921401874156590745e-03
2.457968725389877117e-03
2.225385388756400198e-03
1.819882278548825161e-03
1.343308489457258233e-03
1.298028428014878864e-03
2.225385388756400198e-03
7.220283130832763109e-03
1.991802242988348608e-03
1.650350429904631766e-02
2.289528674453090041e-03
1.884755768728356906e-03
1.266716338742590109e-04
2.225385388756400198e-03
2.225385388756400198e-03
2.225385388756400198e-03
1.050223000848402033e-02
6.795560593724953719e-03
9.627044174443684724e-03
7.701635339554947605e-03
9.627044174443684724e-03
1.155245300933242097e-02
2.225385388756400198e-03
1.863298872472971251e-03
1.059858074250680801e-03
2.225385388756400198e-03
2.139343149876374479e-03
2.225385388756400198e-03
2.225385388756400198e-03
1.751269522819459776e-03
1.266716338742590109e-04
1.650350429904631766e-02
1.925408834888736901e-03
7.220283130832763109e-03
2.478507307783604612e-03
1.456515700608331573e-03
2.887761632867030890e-03
1.050223000848402033e-02
3.300700859809263445e-03
2.225385388756400198e-03
8.886502314871093725e-03
1.266716338742590109e-04
2.750584049841052654e-03
1.925408834888736901e-03
1.155245300933242097e-02
2.296736592449602574e-03
2.062938037380789708e-03
2.995236580788580936e-03
1.568851643242674416e-03
1.266716338742590109e-04
2.158075221057673219e-03
1.266716338742590109e-04
1.266716338742590109e-04
2.225385388756399331e-03
1.266716338742590109e-04
2.225385388756400198e-03
8.251752149523158830e-03
2.225385388756400198e-03
1.375292024920526327e-03
3.209014724814561719e-03
2.118797716726043921e-03
2.225385388756400198e-03
8.251752149523158830e-03
2.178703051142653630e-03
2.100446001696803892e-03
1.817110560800908785e-03
2.225385388756400198e-03
1.925408834888736901e-03
1.764674063786348095e-03
2.225385388756400198e-03
1.650350429904631723e-03
1.937867909330515852e-03
2.225385388756400198e-03
1.962137768593819314e-03
2.225385388756400198e-03
1.863298872472971251e-03
2.221625578717773431e-03
1.266716338742590109e-04
2.310490601866484282e-03
1.877467192811845985e-03
2.225385388756399765e-03
2.225385388756400198e-03
1.805070782708190777e-03
1.500318572640574116e-03
1.915886328091497004e-03
1.520059606491108023e-03
2.888113252333105244e-03
8.251752149523158830e-03
1.582527809497592027e-03
2.225385388756400198e-03
2.225385388756400198e-03
2.225385388756400198e-03
2.225385388756400198e-03
7.220283130832763109e-03
1.750371668080669910e-03
3.122284597116870616e-03
1.343308489457258233e-03
6.418029449629123438e-03
2.225385388756400198e-03
2.225385388756400198e-03
2.225385388756399765e-03
2.225385388756400198e-03
2.225385388756400198e-03
2.225385388756400198e-03
3.040119212982216046e-03
2.225385388756400198e-03
2.225385388756400198e-03
2.225385388756400198e-03
2.062938037380789708e-03
1.255701414057871883e-03
2.625557502121005082e-03
2.888113252333105244e-03
2.225385388756400198e-03
2.221625578717773431e-03
5.776226504666210487e-03
3.679125162207777370e-04
2.457968725389877117e-03
2.225385388756400198e-03
1.674268552077162438e-03
2.215255326162310443e-03
1.266716338742590109e-04
2.225385388756400632e-03
2.225385388756400198e-03
2.225385388756399765e-03
1.266716338742590109e-04
1.723761287991605476e-03
2.329632252645224503e-03
1.283605889925824688e-02
2.225385388756400198e-03
2.878758180563253076e-03
1.266716338742590109e-04
2.100446001696803892e-03
2.225385388756400198e-03
2.225385388756400198e-03
3.122284597116870616e-03
3.500743336161339821e-03
9.627044174443684724e-03
2.225385388756400198e-03
9.168613499470175876e-04
2.225385388756400198e-03
2.341677057073138658e-03
2.225385388756400198e-03
2.223505483737087032e-03
2.225385388756400198e-03
2.225385388756400198e-03
2.225385388756400198e-03
2.225385388756400198e-03
2.179708114968381422e-03
1.108993412773478984e-03
1.266716338742590109e-04
2.225385388756400198e-03
1.884717099772753373e-03
3.610141565416381555e-03
1.848748186899855936e-03
2.225385388756400198e-03
1.620824386431761683e-03
2.225385388756400198e-03
2.140003644828481974e-03
9.627044174443684724e-03
7.701635339554947605e-03
2.225385388756400198e-03
2.225385388756400198e-03
1.266716338742590109e-04
2.225385388756400198e-03
2.406761043610921181e-03
2.225385388756400198e-03
2.225385388756399765e-03
5.251115004242010165e-03
2.763043124282831605e-03
2.888113252333105244e-03
6.795560593724953719e-03
2.225385388756400198e-03
4.620981203732968563e-03
2.225385388756400198e-03
2.225385388756400198e-03
4.620981203732968563e-03
1.343308489457258233e-03
2.225385388756400198e-03
1.327868161992232406e-03
6.795560593724953719e-03
2.225385388756400198e-03
1.650350429904631766e-02
1.582527809497592027e-03
1.343308489457258233e-03
2.225385388756400198e-03
2.472653693299836815e-03
1.266716338742590109e-04
2.225385388756400198e-03
2.686616978914516465e-03
2.225385388756400198e-03
2.225385388756399765e-03
4.813522087221842362e-03
2.225385388756400198e-03
2.225385388756400198e-03
2.225385388756400198e-03
1.784346939106828999e-03
1.903956599126996113e-03
4.443251157435546862e-03
2.265186864574984717e-03
2.225385388756400198e-03
7.220283130832763109e-03
2.225385388756400198e-03
2.225385388756400198e-03
2.225385388756400198e-03
3.726597744945942502e-03
5.501168099682105309e-03
2.225385388756400198e-03
1.426228766584249508e-03
1.974143488658110322e-03
2.225385388756400198e-03
2.225385388756400198e-03
8.886502314871093725e-03
1.674268552077162438e-03
2.225385388756400198e-03
2.137636182035539904e-03
2.225385388756400198e-03
1.266716338742590109e-04
6.080238425964432092e-03
1.228984362694938558e-03
1.582527809497592027e-03
2.225385388756400198e-03
4.813522087221842362e-03
1.242199248315314095e-03
4.278686299752748959e-03
2.225385388756400198e-03
2.063596071842474251e-03
1.750371668080669910e-03
1.444056626166552622e-02
2.511402828115743766e-03
1.484989015701926448e-03
1.805070782708190777e-03
1.740543401407135824e-03
1.050223000848402033e-02
3.610141565416381555e-03
6.080238425964432092e-03
7.220283130832763109e-03
2.225385388756400198e-03
1.266716338742590109e-04
1.893844755628265901e-03
2.225385388756400198e-03
2.817671465690834744e-03
2.091714135847049481e-03
2.225385388756400198e-03
3.868008820088980702e-03
5.501168099682105309e-03
2.225385388756400198e-03
7.701635339554947605e-03
2.225385388756400198e-03
2.225385388756400198e-03
2.225385388756400198e-03
6.795560593724953719e-03
2.265186864574984717e-03
2.225385388756400198e-03
3.040119212982216046e-03
2.310490601866484282e-03
4.620981203732968563e-03
2.567211779851649202e-03
1.155245300933242097e-02
1.604507362407280860e-03
1.444056626166552622e-02
2.361577794982431134e-03
7.220283130832763109e-03
6.795560593724953719e-03
1.155245300933242097e-02
2.225385388756399765e-03
2.225385388756400198e-03
5.501168099682105309e-03
6.080238425964432092e-03
1.444056626166552622e-02
2.625557502121005082e-03
2.310661445596288045e-03
1.907798388228169060e-03
2.310490601866484282e-03
2.511402828115743766e-03
2.225385388756400198e-03
2.225385388756400198e-03
3.397780296862476859e-03
3.104494937366548708e-03
1.627106057652453683e-03
2.637820095540355930e-03
2.225385388756399765e-03
2.225385388756401066e-03
5.251115004242010165e-03
2.225385388756400198e-03
2.225385388756400198e-03
6.080238425964432092e-03
1.750371668080669910e-03
2.100446001696803892e-03
2.225385388756400198e-03
2.225385388756399765e-03
2.068571841227429247e-03
2.225385388756400198e-03
5.776226504666210487e-03
2.357643471292331094e-03
6.312815852094219669e-04
1.698890148431238430e-03
2.567211779851649202e-03
3.983604485976697217e-03
2.888113252333105244e-03
5.251115004242010165e-03
1.962137768593819314e-03
7.701635339554947605e-03
1.050223000848402033e-02
1.469916508601935021e-03
1.704525730524947746e-03
1.283605889925824688e-02
2.225385388756400198e-03
2.225385388756400198e-03
2.225385388756400198e-03
2.225385388756400198e-03
5.501168099682105309e-03
2.225385388756400198e-03
2.225385388756399765e-03
2.058339165107869826e-03
2.062938037380789708e-03
1.925408834888736901e-03
2.182364269316387339e-03
1.893844755628265901e-03
2.310490601866484282e-03
2.216942939558853853e-03
2.213966070309395396e-03
1.698890148431238430e-03
4.620981203732968563e-03
4.813522087221842362e-03
1.298028428014878864e-03
2.225385388756400198e-03
1.621721770482889525e-03
2.026746141988144175e-03
7.220283130832763109e-03
1.517589303771999919e-03
4.278686299752748959e-03
2.225385388756400198e-03
1.444056626166552622e-02
2.062938037380789708e-03
3.850817669777473803e-03
1.050223000848402033e-02
2.484685776752810441e-03
1.817110560800908785e-03
2.001342925865309472e-03
4.278686299752748959e-03
6.080238425964432092e-03
1.750371668080669910e-03
2.225385388756400198e-03
1.698890148431238430e-03
1.515368064495765292e-03
5.501168099682105309e-03
1.893844755628265901e-03
5.776226504666210487e-03
2.225385388756400198e-03
1.674268552077162438e-03
2.472981977721758987e-03
5.022805656231487531e-03
8.886502314871093725e-03
1.050223000848402033e-02
1.426228766584249508e-03
1.777300462974218745e-03
1.283605889925824688e-02
4.443251157435546862e-03
1.050223000848402033e-02
2.888113252333105244e-02
2.113472023412752993e-03
2.054120808545047312e-03
2.225385388756400198e-03
2.225385388756401066e-03
1.266716338742590109e-04
3.850817669777473803e-03
3.850817669777473803e-03
2.225385388756400198e-03
1.777300462974218745e-03
2.357643471292331094e-03
5.776226504666210487e-03
7.220283130832763109e-03
1.833722699894035175e-03
1.958042882937698764e-03
1.698890148431238430e-03
2.225385388756400198e-03
2.225385388756400198e-03
2.225385388756399765e-03
1.266716338742590109e-04
2.225385388756400198e-03
2.632752300869308122e-03
4.620981203732968563e-03
1.650350429904631723e-03
4.125876074761579415e-03
3.397780296862476859e-03
4.278686299752748959e-03
2.750584049841052654e-03
4.278686299752748959e-03
2.457968725389877117e-03
2.759752663340523000e-03
2.225385388756400198e-03
2.592159836830625324e-03
2.039913996608095931e-03
2.225385388756400198e-03
2.225385388756400198e-03
2.225385388756400198e-03
2.225385388756400198e-03
7.405418595725911076e-04
2.225385388756399765e-03
2.597906253218809722e-03
2.225385388756400198e-03
2.225385388756399765e-03
2.225385388756400198e-03
2.225385388756400198e-03
2.225385388756396729e-03
1.266716338742590109e-04
2.225385388756396729e-03
4.443251157435546862e-03
2.225385388756399765e-03
2.225385388756400198e-03
2.225385388756400198e-03
2.225385388756400198e-03
2.225385388756400198e-03
2.567211779851649202e-03
2.059615072192333158e-03
1.283605889925824688e-02
5.776226504666210487e-03
5.776226504666210487e-03
1.540327067910989521e-03
2.225385388756400198e-03
2.225385388756400198e-03
2.467215997237085044e-03
2.225385388756400198e-03
2.225385388756400198e-03
2.225385388756400198e-03
2.225385388756400198e-03
2.225385388756400198e-03
1.792248753750695514e-03
1.834721007461476410e-03
2.137636182035539904e-03
2.357643471292331094e-03
2.225385388756400198e-03
2.100446001696803892e-03
9.790214414688493821e-04
1.520059606491108023e-03
2.758890099468905722e-03
6.795560593724953719e-03
2.917763477086391093e-03
8.886502314871093725e-03
2.225385388756400198e-03
2.225385388756400198e-03
2.225385388756400198e-03
5.022805656231487531e-03
5.776226504666210487e-03
2.425471445438702640e-03
1.408835732845417372e-03
8.494450742156192148e-04
1.283605889925824688e-02
5.501168099682105309e-03
2.225385388756400198e-03
1.724246717810809081e-03
2.406761043610921181e-03
2.222447489771683070e-03
2.070044972567061225e-03
1.561142298558435308e-03
2.225385388756400198e-03
2.589731181429295263e-03
1.462335823966129204e-03
2.221625578717773431e-03
1.927550557730659930e-03
4.963510364155673468e-03
4.125876074761579415e-03
7.701635339554947605e-03
3.042025243836750555e-03
2.225385388756400198e-03
2.749574395913293758e-03
8.251752149523158830e-03
1.650350429904631766e-02
1.925408834888736945e-02
8.886502314871093725e-03
2.225385388756400198e-03
5.501168099682105309e-03
2.567211779851649202e-03
9.959011214941743042e-04
2.225385388756400198e-03
2.139343149876374479e-03
2.487984719298726426e-03
2.225385388756400198e-03
1.052579522166685426e-03
2.310841986530212232e-03
2.225385388756400198e-03
3.300700859809263445e-03
1.896815239528533122e-03
2.225385388756400198e-03
2.225385388756400198e-03
2.225385388756400198e-03
4.011268406018201878e-06
2.799840120019669604e-03
1.266716338742590109e-04
4.813522087221842362e-03
2.225385388756400198e-03
9.627044174443684724e-03
4.813522087221842362e-03
6.795560593724953719e-03
2.567211779851649202e-03
2.225385388756400198e-03
5.776226504666210487e-03
1.674268552077162438e-03
2.225385388756400198e-03
1.717929434577450615e-03
2.225385388756400198e-03
1.155245300933242097e-02
2.269471416268377308e-03
1.375292024920526327e-03
5.776226504666210487e-03
1.642042213459618495e-03
2.046124122342576467e-03
5.251115004242009731e-04
1.520059606491108023e-03
1.925408834888736901e-03
1.992394512462921687e-03
2.225385388756400198e-03
2.225385388756399765e-03
8.251752149523158830e-03
6.418029449629123438e-03
1.698890148431238430e-03
9.627044174443684724e-03
8.886502314871093725e-03
5.501168099682105309e-03
6.795560593724953719e-03
2.331420201913091995e-03
1.942973293212160247e-03
1.650350429904631766e-02
1.724246717810809081e-03
1.283605889925824688e-02
2.225385388756400198e-03
1.991802242988348608e-03
2.251227518474172625e-03
1.867147425295473742e-03
1.298028428014878864e-03
1.500318572640574116e-03
1.283605889925824688e-02
8.251752149523158830e-03
2.567211779851649202e-03
1.342719319067145348e-03
3.209014724814561719e-03
6.418029449629123005e-04
2.225385388756400198e-03
2.225385388756399765e-03
2.225385388756400198e-03
4.011268406018201878e-06
1.283605889925824688e-02
3.122284597116870616e-03
1.863298872472971251e-03
1.582527809497592027e-03
2.225385388756400198e-03
1.750371668080669910e-03
2.225385388756400198e-03
2.225385388756400198e-03
2.062938037380789708e-03
2.225385388756400198e-03
2.225385388756400198e-03
2.066150412842269590e-03
2.108593815872374620e-03
1.863298872472971251e-03
1.283605889925824688e-02
7.677873681840365408e-03
2.182364269316387339e-03
7.701635339554947605e-03
7.701635339554947605e-03
1.178821735646165547e-03
4.330168891397841516e-03
6.080238425964432092e-03
2.225385388756400198e-03
4.813522087221842362e-03
7.912639047487960136e-04
1.575093348191429314e-03
2.567211779851649202e-03
2.179708114968381422e-03
3.983604485976697217e-03
6.795560593724953719e-03
2.652775853948893380e-03
2.265186864574984717e-03
2.652653038778600165e-03
1.991802242988348608e-03
1.750725349969552537e-03
2.225385388756400198e-03
2.225385388756400198e-03
2.225385388756400198e-03
2.221625578717773431e-03
1.937867909330515852e-03
1.805070782708190777e-03
1.863298872472971251e-03
2.225385388756400198e-03
7.701635339554947605e-03
2.778635015909868260e-03
1.266716338742590109e-04
2.026746141988144175e-03
2.406761043610921181e-03
6.418029449629123438e-03
8.251752149523158830e-03
8.886502314871093725e-03
1.155245300933242097e-02
2.225385388756400198e-03
2.225385388756400198e-03
6.080238425964432092e-03
3.983604485976697217e-03
5.022805656231487531e-03
3.983604485976697217e-03
5.776226504666210487e-03
2.731776637534447539e-03
6.080238425964432092e-03
2.225385388756400198e-03
2.062938037380789708e-03
2.132189038239008794e-03
2.225385388756400198e-03
2.225385388756400198e-03
5.251115004242010165e-03
2.767775200152559120e-03
8.251752149523158830e-03
5.501168099682105309e-03
1.520059606491108023e-03
1.766306424162636694e-03
2.225385388756400198e-03
2.119894575786589186e-03
7.701635339554947605e-03
1.650350429904631766e-02
2.357643471292331094e-03
2.357643471292331094e-03
7.701635339554947605e-03
3.850817669777473803e-03
2.511402828115743766e-03
1.269500330695870439e-03
2.357643471292331094e-03
2.750584049841052654e-03
3.500743336161339821e-03
1.958042882937698764e-03
1.366687649835709008e-03
1.893263843657417645e-03
2.139343149876374479e-03
1.812040167969612399e-03
1.050223000848402033e-02
2.221625578717773431e-03
1.705737148966113672e-03
2.357643471292331094e-03
2.100446001696803892e-03
2.664537146903289255e-03
1.501199041286490005e-03
2.265186864574984717e-03
4.278686299752748959e-03
5.022805656231487531e-03
8.193229084632922639e-04
5.501168099682105309e-03
1.050223000848402033e-02
2.225385388756400198e-03
1.266716338742590109e-04
1.266716338742590109e-04
3.258874528555862418e-03
2.416524780096158433e-03
1.444056626166552622e-03
1.118755065615502755e-03
2.100446001696803892e-03
2.406761043610921181e-03
1.444056626166552622e-02
1.283605889925824688e-02
4.278686299752748959e-03
6.795560593724953719e-03
1.991802242988348608e-03
1.863298872472971251e-03
1.684767193241266297e-03
1.050223000848402033e-02
2.457968725389877117e-03
2.179708114968381422e-03
2.457968725389877117e-03
2.139343149876374479e-03
1.958042882937698764e-03
8.251752149523158830e-03
2.225385388756400198e-03
2.225385388756400198e-03
1.309833530714930817e-03
1.610539912105372808e-03
1.914946375581840421e-03
3.211460620184084826e-03
1.958042882937698764e-03
2.270618182445234123e-03
9.627044174443684724e-03
5.251115004242010165e-03
5.022805656231487531e-03
2.357643471292331094e-03
1.841557289520720075e-03
1.392063878882971849e-03
1.500318572640574116e-03
1.917517815073619151e-03
1.650350429904631766e-02
2.625557502121005082e-03
2.179785003661795315e-03
8.886502314871093725e-03
5.776226504666210487e-03
2.225385388756400198e-03
1.627106057652453683e-03
1.408835732845417372e-03
5.776226504666210487e-03
7.220283130832763109e-03
2.246661692033921544e-03
2.265186864574984717e-03
1.050223000848402033e-02
8.251752149523158830e-03
3.397780296862476859e-03
4.278686299752748959e-03
1.893844755628265901e-03
1.444056626166552622e-02
2.221625578717773431e-03
2.062938037380789708e-03
2.225385388756400198e-03
1.960811353894896265e-03
1.893844755628265901e-03
2.457968725389877117e-03
6.795560593724953719e-03
7.701635339554947605e-03
1.266716338742590109e-04
4.202281187257164187e-03
3.610141565416381555e-03
2.511402828115743766e-03
3.040119212982216046e-03
3.397780296862476859e-03
2.225385388756400198e-03
2.457968725389877117e-03
4.270906870116834148e-03
2.225385388756400198e-03
6.080238425964432092e-03
1.155245300933242097e-02
2.686616978914516465e-03
3.088676672634015161e-03
3.500743336161339821e-03
1.750371668080669910e-03
2.225385388756400198e-03
2.139343149876374479e-03
2.225385388756400198e-03
1.050223000848402033e-02
3.122284597116870616e-03
2.075397111822568658e-03
1.604507362407280860e-03
2.625557502121005082e-03
1.958042882937698764e-03
2.225385388756400198e-03
2.225385388756400198e-03
8.251752149523158830e-03
3.726597744945942502e-03
1.376941956147747365e-02
1.266716338742590109e-04
2.888113252333105244e-02
2.320724535209514432e-03
2.225385388756400198e-03
3.397780296862476859e-03
2.511402828115743766e-03
4.813522087221842362e-03
1.893844755628265901e-03
2.139343149876374479e-03
7.701635339554947605e-03
2.225385388756400198e-03
1.283605889925824688e-02
4.011268406018201878e-06
2.225385388756400198e-03
2.139343149876374479e-03
7.701635339554947605e-03
1.155245300933242097e-02
2.225385388756400198e-03
1.540327067910989521e-03
2.180619666526778175e-03
1.862851980698487049e-03
1.893263843657417645e-03
2.511402828115743766e-03
1.859624749912939731e-03
3.397780296862476859e-03
8.886502314871093725e-03
2.310490601866484282e-03
4.620981203732968563e-03
2.225385388756400198e-03
1.089854057484190711e-03
3.122284597116870616e-03
2.477372871013234449e-03
1.266716338742590109e-04
1.816845543195524026e-03
2.960210503123334672e-03
3.480007995139522674e-03
3.286154501853372992e-03
8.251752149523158830e-03
2.339797152053825057e-03
2.062938037380789708e-03
1.283605889925824688e-02
1.050223000848402033e-02
2.150950235915106458e-03
4.620981203732969214e-04
2.225385388756400198e-03
8.886502314871093725e-03
2.151146422427416445e-03
5.776226504666210487e-03
4.443251157435546862e-03
1.283605889925824688e-02
1.925408834888736945e-02
2.888113252333105244e-03
2.686616978914516465e-03
3.397780296862476859e-03
2.817671465690834744e-03
2.225385388756400632e-03
1.266716338742590109e-04
8.251752149523158830e-03
6.080238425964432092e-03
5.251115004242010165e-03
2.225385388756400198e-03
1.520059606491108023e-03
7.220283130832763109e-03
3.397780296862476859e-03
2.248493310584352787e-03
1.375292024920526327e-03
2.179708114968381422e-03
1.859769897335711861e-03
1.203380521805460590e-03
1.750371668080669910e-03
2.067047481864489958e-03
2.225385388756400198e-03
2.389322465337036412e-03
2.225385388756400198e-03
2.026746141988144175e-03
8.251752149523158830e-03
1.750371668080669910e-03
2.156517690380816473e-03
2.179708114968381422e-03
6.795560593724953719e-03
6.080238425964432092e-03
1.991802242988348608e-03
1.444056626166552622e-02
7.220283130832763109e-03
1.698890148431238430e-03
2.567211779851649202e-03
1.893844755628265901e-03
1.089854057484190711e-03
1.132260289987569715e-03
8.527954065624882615e-04
1.327868161992232406e-03
7.220283130832763109e-03
1.050223000848402033e-02
6.795560593724953719e-03
2.225385388756400198e-03
3.850817669777473803e-03
6.080238425964432092e-03
2.265186864574984717e-03
2.225385388756400198e-03
4.278686299752748959e-03
1.925408834888736901e-03
8.930634095451698423e-04
1.266716338742590109e-04
2.567211779851649202e-03
5.776226504666210487e-03
2.225385388756400198e-03
1.511635630839371731e-03
4.443251157435546862e-03
1.444056626166552622e-02
1.050223000848402033e-02
6.418029449629123438e-03
5.022805656231487531e-03
3.726597744945942502e-03
1.582527809497592027e-03
1.391861808353303661e-03
7.220283130832763109e-03
1.155245300933242097e-02
1.605738442224984280e-03
1.269500330695870439e-03
2.225385388756400198e-03
2.062938037380789708e-03
2.686616978914516465e-03
2.242357433689010863e-03
1.561142298558435308e-03
2.511402828115743766e-03
3.624298983319975114e-03
1.650350429904631723e-03
3.850817669777474670e-03
4.278686299752748959e-03
2.962167438290364430e-03
1.650350429904631766e-02
2.225385388756400198e-03
8.886502314871093725e-03
1.893844755628265901e-03
1.960295448808205363e-03
8.251752149523158830e-03
5.776226504666210487e-03
1.100233619936421148e-03
2.225385388756400198e-03
1.705143300755902714e-03
2.310490601866484282e-03
2.225385388756400198e-03
9.241962407465937343e-04
2.062938037380789708e-03
6.080238425964432092e-03
1.604507362407280860e-03
1.269500330695870439e-03
4.620981203732968563e-03
1.991802242988348608e-03
1.283605889925824688e-02
3.063150419141172452e-03
1.748249184375824834e-03
6.795560593724953719e-03
2.567211779851649202e-03
1.426228766584249508e-03
1.283605889925824601e-03
1.833722699894035175e-03
1.863298872472971251e-03
1.893844755628265901e-03
4.278686299752748959e-03
1.155245300933242097e-02
2.062938037380789708e-03
2.225385388756399765e-03
1.500318572640574333e-03
2.225385388756400198e-03
2.357643471292331094e-03
2.888113252333105244e-03
2.091077004642590779e-03
2.130138385580092764e-03
2.357643471292331094e-03
1.825807077670324853e-03
1.266716338742590109e-04
2.686616978914516465e-03
1.596429750971820657e-03
1.750371668080669910e-03
2.062938037380789708e-03
1.914946375581840421e-03
1.658577500841344797e-03
4.460406567309815320e-04
1.343308489457258233e-03
1.404475940568707419e-03
2.310490601866484282e-03
1.327868161992232406e-03
1.462335823966129204e-03
1.925408834888736945e-02
1.698890148431238430e-03
6.795560593724953719e-03
7.701635339554947605e-03
6.795560593724953719e-03
2.225385388756400198e-03
4.211831826319111308e-03
1.266716338742590109e-04
1.893844755628265901e-03
1.283605889925824601e-03
1.359112118744990830e-03
1.651184672758036981e-03
2.567211779851647901e-03
2.625557502121005082e-03
3.983604485976697217e-03
1.283605889925824688e-02
2.962167438290364430e-03
2.338368336281680410e-03
1.050223000848402033e-02
1.359112118744990830e-03
2.225385388756400198e-03
1.750371668080669910e-03
2.225385388756400198e-03
2.225385388756400198e-03
1.121597379546837104e-03
2.225385388756400198e-03
2.225385388756400198e-03
2.225385388756400198e-03
2.225385388756400198e-03
2.225385388756400198e-03
1.627106057652453683e-03
3.209014724814561719e-03
1.266716338742590109e-04
5.776226504666210487e-03
1.266716338742590109e-04
6.029599253889786868e-03
1.561142298558435308e-03
1.266716338742590109e-04
7.356496899803702597e-03
3.821655510113154599e-03
9.759441417690660481e-03
5.022805656231487531e-03
2.225385388756400198e-03
1.481193327561030173e-03
1.731969471105222194e-03
2.856375744065708325e-03
1.718093576030975053e-03
3.300700859809263445e-03
1.266716338742590109e-04
6.229099691743458615e-03
1.266716338742590109e-04
2.225385388756400198e-03
2.265186864574984717e-03
1.462335823966129204e-03
1.991802242988348608e-03
2.425471445438702640e-03
6.599042743353263768e-03
2.080569986418231813e-03
1.582527809497592027e-03
3.802012541561731237e-03
1.327868161992232406e-03
4.813522087221842362e-03
9.637288734916928893e-04
3.850817669777473803e-03
2.026746141988144175e-03
1.444056626166552622e-02
1.143807228646774414e-03
9.627044174443684724e-03
2.065572696432361761e-03
2.457968725389877117e-03
2.225385388756400198e-03
2.888113252333105244e-03
2.225385388756399765e-03
2.418580780265127284e-03
2.962167438290364430e-03
1.266716338742590109e-04
1.266716338742590109e-04
1.266716338742590109e-04
6.080238425964432092e-03
2.304453390887035123e-03
2.511402828115743766e-03
2.225385388756400198e-03
1.444056626166552622e-03
2.225385388756400198e-03
2.225385388756400198e-03
2.225385388756400198e-03
1.266716338742590109e-04
3.397780296862476859e-03
3.610141565416381555e-03
7.701635339554947605e-03
8.251752149523158830e-03
1.050223000848402033e-02
5.776226504666210487e-03
4.278686299752748959e-03
3.726597744945942502e-03
2.221625578717773431e-03
1.266716338742590109e-04
1.865235726391799385e-03
1.991802242988348608e-03
1.050223000848402033e-02
8.886502314871093725e-03
4.813522087221842362e-03
4.443251157435546862e-03
3.300700859809264313e-03
2.225385388756400198e-03
2.225385388756400198e-03
1.050223000848402033e-02
3.300700859809263445e-03
1.903956599126996113e-03
1.154246578324978666e-03
1.050223000848402033e-02
4.011268406018201878e-06
4.011268406018201878e-06
4.011268406018201878e-06
3.063846911381010868e-03
2.057780692287337204e-03
1.863298872472971251e-03
2.844748188484259692e-03
6.603662904281695258e-03
2.225385388756400198e-03
7.732078868893569809e-03
6.795560593724953719e-03
3.122284597116870616e-03
1.925408834888736945e-02
1.266716338742590109e-04
1.266716338742590109e-04
1.436532090744864661e-03
2.301832058212029131e-03
2.139813647946935214e-03
2.817671465690834744e-03
2.225385388756400198e-03
2.225385388756400198e-03
1.266716338742590109e-04
2.225385388756400198e-03
2.225385388756400198e-03
2.225385388756400198e-03
2.930915415478316764e-03
1.912455710570829795e-03
4.465312631148275063e-03
8.251752149523158830e-03
1.266716338742590109e-04
1.266716338742590109e-04
2.215070120763843776e-03
1.746884379390512346e-02
2.326984743665782424e-03
3.066537201141033338e-03
4.479259396944236353e-03
2.430617657277450022e-02
1.266716338742590109e-04
5.501168099682105309e-03
2.300488478048880701e-03
1.137907041342542738e-03
2.686616978914516465e-03
3.414552324106616497e-03
2.325697082792435068e-03
2.244428187296987950e-03
2.888113252333105677e-03
2.659505376782836210e-03
4.625841901500318300e-03
7.133326426705587260e-03
4.137008171997559169e-04
2.888113252333105244e-02
9.326882476158199556e-03
4.620981203732968563e-03
1.266716338742590109e-04
7.222319993481643788e-04
2.222162283016874008e-03
2.179708114968381856e-03
1.266716338742590109e-04
1.266716338742590109e-04
3.093186032731108561e-03
1.266716338742590109e-04
1.266716338742590109e-04
2.576952180185147160e-03
1.266716338742590109e-04
4.283569333258107834e-03
1.266716338742590109e-04
1.266716338742590109e-04
4.011268406018201878e-06
2.805661619759773542e-03
1.325973901485903543e-03
1.266716338742590109e-04
1.911818215781701342e-03
2.888113252333105244e-02
9.074995693812769153e-04
1.266716338742590109e-04
1.908900305223346430e-03
1.266716338742590109e-04
1.266716338742590109e-04
1.266716338742590109e-04
1.266716338742590109e-04
1.266716338742590109e-04
1.266716338742590109e-04
1.266716338742590109e-04
2.361498163018616470e-03
1.266716338742590109e-04
1.266716338742590109e-04
2.225385388756400198e-03
1.266716338742590109e-04
1.266716338742590109e-04
5.221249228917953893e-03
1.266716338742590109e-04
1.743620694946188031e-03
1.223830957036517062e-03
4.011268406018201878e-06
2.804983941369650676e-03
2.181164411264912943e-03
3.246761370939879859e-03
1.266716338742590109e-04
1.259862714224464124e-03
1.893263843657417645e-03
1.327868161992232406e-03
5.512764083136037843e-03
1.958042882937698764e-03
1.266716338742590109e-04
1.050223000848402033e-02
1.266716338742590109e-04
8.738391966743117717e-04
1.266716338742590109e-04
1.266716338742590109e-04
1.266716338742590109e-04
1.540327067910989521e-03
1.925408834888736901e-03
1.327868161992232406e-03
8.064392445649663094e-03
7.701635339554947605e-03
1.885296150828554788e-03
5.501168099682105309e-03
8.311117272901022120e-04
1.266716338742590109e-04
4.620981203732968563e-03
1.327868161992232406e-03
1.266716338742590109e-04
1.050223000848402033e-02
1.574445260952900836e-03
3.122284597116870616e-03
2.046825116794809014e-03
4.278686299752748959e-03
6.048404716927969528e-04
3.335647822814091345e-03
4.904429497799341758e-03
2.225385388756400632e-03
2.677183392387613801e-03
2.675304907424350381e-03
1.283605889925824688e-02
2.225385388756400198e-03
1.266716338742590109e-04
1.266716338742590109e-04
2.225385388756400198e-03
2.225385388756399765e-03
2.955078182744516006e-03
1.266716338742590109e-04
2.239273401135413472e-03
1.136324929739840860e-03
1.050223000848402033e-02
7.109410359854882256e-04
2.225385388756400198e-03
2.225385388756400198e-03
5.175397082687371690e-03
4.278686299752748959e-03
9.627044174443684724e-03
2.225385388756400198e-03
1.402380838244199042e-03
1.266716338742590109e-04
1.500318572640574116e-03
2.225385388756400198e-03
1.724246717810809081e-03
1.266716338742590109e-04
4.620981203732968563e-03
1.674268552077162872e-03
2.225385388756400198e-03
1.979905663934926254e-03
1.266716338742590109e-04
2.225385388756400198e-03
2.225385388756400198e-03
2.962167438290364430e-03
1.266716338742590109e-04
1.107746517624062050e-03
7.220283130832763109e-03
1.994716791192896899e-03
1.266716338742590109e-04
1.947617763436830908e-03
1.824370583930001646e-03
1.893844755628265901e-03
2.225385388756400198e-03
2.225385388756400198e-03
2.225385388756400198e-03
1.833982878725669112e-03
1.255701414057871883e-03
3.983604485976697217e-03
1.266716338742590109e-04
2.861520819993085361e-03
5.022805656231487531e-03
4.620981203732968563e-03
2.221625578717773431e-03
1.359112118744990830e-03
2.029526766100523977e-03
3.300700859809263445e-03
1.827477735714201678e-03
1.958042882937698764e-03
2.357643471292331094e-03
1.674268552077162438e-03
2.484855891214719868e-03
1.698890148431238430e-03
6.453884362755543062e-04
1.750371668080669910e-03
1.050223000848402033e-02
6.418029449629123438e-03
1.750371668080669910e-03
2.888113252333104810e-03
5.039375335708114537e-03
6.080238425964432092e-03
1.312778751060502541e-03
1.719098116287717587e-03
2.422208803839489676e-03
6.080238425964432092e-03
3.966828143742680453e-03
1.343308489457258233e-03
1.266716338742590109e-04
1.958042882937699198e-03
2.225385388756399765e-03
1.893399973959001593e-03
1.777300462974218745e-03
1.481083719145182215e-03
2.225385388756400198e-03
2.225385388756400198e-03
2.225385388756400198e-03
2.814181589581657601e-03
1.266716338742590109e-04
2.225385388756400198e-03
1.266716338742590109e-04
9.825225538630973088e-04
2.225385388756401499e-03
1.266716338742590109e-04
1.698890148431238646e-03
1.468364376371663650e-03
2.187594191904353256e-03
2.941886515334644209e-03
1.266716338742590109e-04
5.271952762195351860e-03
2.917286113467783184e-03
3.081201905049543114e-03
1.266716338742590109e-04
2.225385388756400198e-03
2.225385388756400198e-03
2.225385388756400198e-03
2.225385388756400198e-03
2.225385388756400198e-03
2.225385388756400198e-03
2.225385388756400198e-03
2.225385388756400198e-03
2.225385388756400198e-03
2.225385388756400198e-03
2.225385388756400198e-03
2.225385388756400198e-03
2.225385388756400198e-03
2.225385388756400198e-03
2.225385388756400198e-03
2.225385388756400198e-03
2.225385388756400198e-03
2.225385388756400198e-03
2.225385388756400198e-03
2.225385388756400198e-03
2.225385388756400198e-03
2.225385388756400198e-03
2.225385388756400198e-03
1.266716338742590109e-04
2.457968725389877117e-03
1.155245300933242097e-02
2.225385388756400198e-03
3.122284597116870616e-03
4.443251157435546862e-03
1.155245300933242097e-02
2.498201267176359836e-03
1.266716338742590109e-04
1.266716338742590109e-04
8.886502314871093725e-03
6.080238425964432092e-03
1.840779382364132180e-03
2.124185860352958803e-03
9.364444843901358062e-03
1.925408834888736901e-03
2.225385388756400198e-03
7.220283130832763109e-03
2.225385388756400198e-03
2.888113252333105244e-02
6.080238425964432092e-03
6.080238425964432092e-03
5.055704257954138359e-03
2.225385388756400198e-03
1.266716338742590109e-04
7.701635339554947605e-03
2.423078067635402004e-03
1.266716338742590109e-04
3.168547956531906924e-03
1.672698925309590258e-03
3.500743336161339821e-03
8.886502314871093725e-03
2.139343149876374479e-03
3.252035844254575012e-03
2.225385388756400198e-03
2.225385388756400198e-03
3.042226017703617523e-03
7.220283130832763109e-03
1.266716338742590109e-04
1.266716338742590109e-04
2.069417967349621457e-03
2.225385388756400198e-03
2.225385388756400198e-03
2.888113252333105244e-03
2.221625578717773431e-03
3.500743336161339821e-03
6.418029449629123438e-03
4.159419782686469592e-03
4.813522087221842362e-03
2.406761043610921181e-03
1.266716338742590109e-04
3.397780296862476859e-03
3.726597744945942502e-03
2.225385388756400198e-03
5.501168099682105309e-03
4.011268406018201878e-06
1.266716338742590109e-04
1.295154992742932314e-03
1.454603317496701081e-03
2.225385388756400198e-03
1.266716338742590109e-04
2.750584049841052654e-03
1.444056626166552622e-02
3.822330975819381981e-03
2.026746141988144609e-03
3.058044795072022756e-03
1.266716338742590109e-04
3.128789356694197492e-03
2.225385388756400632e-03
1.190974537044579623e-03
1.266716338742590109e-04
1.266716338742590109e-04
1.266716338742590109e-04
2.225385388756400198e-03
2.225385388756400198e-03
3.929405785487217334e-03
2.225385388756400198e-03
3.889714817957044390e-03
2.127519914349913083e-03
1.485368587956307270e-03
5.501168099682105309e-03
2.567211779851648768e-03
1.750371668080670127e-03
9.627044174443684724e-03
2.225385388756400198e-03
1.266716338742590109e-04
2.453269649486565767e-03
1.777300462974218745e-03
3.397780296862476859e-03
1.987405026731312724e-03
7.220283130832763109e-03
4.347267244713143991e-03
4.813522087221842362e-03
2.523743015097797745e-03
1.266716338742590109e-04
1.395950439073425807e-03
2.310490601866484282e-03
1.266716338742590109e-04
3.602307031885090393e-03
2.225385388756400198e-03
1.266716338742590109e-04
2.225385388756399765e-03
2.225385388756400198e-03
2.117913155722161208e-03
1.266716338742590109e-04
4.125876074761579415e-03
5.776226504666210487e-03
7.220283130832763109e-03
3.616234142251336867e-03
2.275746382289544571e-03
1.266716338742590109e-04
6.403695253820851536e-03
1.266716338742590109e-04
6.795560593724953719e-03
1.266716338742590109e-04
1.266716338742590109e-04
2.225385388756400198e-03
2.261466470532132959e-03
3.291922400075728266e-03
2.225385388756400198e-03
2.962167438290364430e-03
1.863298872472971251e-03
1.266716338742590109e-04
7.701635339554947605e-03
1.266716338742590109e-04
2.817671465690834744e-03
4.794236382964335921e-03
1.266716338742590109e-04
1.715641290368760024e-03
1.266716338742590109e-04
2.225385388756400198e-03
2.225385388756400198e-03
1.266716338742590109e-04
2.225385388756400198e-03
2.310490601866484282e-03
1.991802242988348608e-03
5.212451484937948194e-03
2.225385388756400632e-03
4.278686299752748959e-03
3.902855746396088270e-04
1.925408834888736945e-02
1.266716338742590109e-04
1.442762780359126270e-03
1.266716338742590109e-04
1.266716338742590109e-04
2.533169355210740208e-03
1.266716338742590109e-04
1.266716338742590109e-04
1.266716338742590109e-04
1.465429952213028126e-03
1.266716338742590109e-04
3.020002210833317314e-03
2.225385388756399765e-03
3.040119212982216046e-03
8.251752149523158830e-03
2.225385388756400198e-03
2.225385388756400198e-03
2.225385388756400198e-03
2.225385388756400632e-03
1.651919160233754173e-03
1.266716338742590109e-04
4.298097421301540384e-03
2.062938037380789274e-03
2.029554044325217795e-03
1.805070782708190777e-03
2.265186864574984717e-03
1.312778751060502541e-03
1.266716338742590109e-04
3.500743336161339821e-03
1.266716338742590109e-04
1.266716338742590109e-04
3.456825214034919304e-03
5.615126875900874198e-03
1.391861808353303661e-03
2.225385388756400198e-03
2.225385388756400198e-03
2.757764516592539801e-03
1.266716338742590109e-04
1.266716338742590109e-04
2.427155201829156103e-03
5.401997082354481486e-04
1.266716338742590109e-04
2.817671465690832142e-03
1.266716338742590109e-04
3.983604485976697217e-03
2.625557502121005082e-03
3.971997246798443341e-03
1.283605889925824688e-02
2.225385388756400198e-03
1.650350429904631766e-02
1.266716338742590109e-04
3.663679340006430109e-03
2.225385388756400198e-03
3.085591081552463075e-03
2.225385388756400198e-03
3.300700859809262144e-03
1.584507296981127814e-03
4.011268406018201878e-06
4.011268406018201878e-06
3.850817669777473803e-03
1.266716338742590109e-04
1.460790598670829712e-03
3.161319286007544579e-03
1.266716338742590109e-04
1.805411113983027048e-03
2.225385388756400198e-03
1.158020022012403892e-03
3.930064723697453133e-04
9.960787209510101135e-04
2.062938037380789708e-03
4.268089563836247741e-03
5.129876357850399714e-04
6.601729286316600394e-03
7.220283130832763109e-03
4.443251157435546862e-03
1.925408834888736901e-03
2.457968725389877117e-03
1.266716338742590109e-04
2.225385388756400198e-03
2.225385388756400632e-03
1.975188378824765945e-03
2.206454396548290352e-03
1.916321119073471045e-03
1.179678405529665380e-03
2.203729761456524328e-03
1.327229103501466811e-03
2.354907472042827837e-03
2.846657081246984234e-03
1.481083719145182215e-03
1.262475050220215238e-03
2.225385388756400632e-03
1.035083289411980936e-03
2.468285254991620450e-03
1.266716338742590109e-04
1.266716338742590109e-04
1.266716338742590109e-04
1.266716338742590109e-04
2.225385388756400198e-03
2.225385388756400198e-03
1.218652637824989282e-02
1.266716338742590109e-04
2.202546751862391027e-03
5.251115004242010165e-03
1.022340974277205407e-03
1.955809775896970130e-03
1.022340974277205407e-03
1.132593432287492359e-03
1.561142298558435308e-03
1.949463770017641467e-03
1.266716338742590109e-04
1.266716338742590109e-04
1.266716338742590109e-04
1.991802242988348608e-03
2.225385388756400198e-03
2.225385388756400198e-03
2.225385388756400198e-03
1.873340721163520859e-03
2.511402828115744633e-03
2.310490601866484715e-03
4.813522087221842362e-03
1.500318572640574550e-03
2.125744113460298172e-03
2.817671465690834744e-03
2.225385388756400198e-03
2.265186864574984717e-03
1.874752639822817269e-03
1.266716338742590109e-04
2.315740446994513611e-03
1.374877004652347995e-02
3.500743336161339821e-03
7.220283130832763109e-03
2.066118638733520536e-03
5.776226504666210487e-03
1.987878528418535271e-03
2.625557502121005516e-03
2.225385388756400198e-03
1.673347685781897574e-03
1.462335823966129204e-03
1.327868161992232406e-03
1.178821735646165547e-03
1.177506620119582459e-03
2.472480779627843177e-03
1.520059606491108023e-03
2.125393204133845838e-03
1.444056626166552622e-03
2.225385388756400198e-03
2.229044736494567493e-03
1.925408834888736901e-03
2.817671465690834744e-03
2.625557502121005082e-03
1.182563451682863394e-03
6.080238425964432092e-03
1.076931789247722454e-03
7.701635339554947605e-03
2.232008816862365245e-03
3.122284597116870616e-03
1.604507362407280426e-03
1.773281817459314898e-03
4.125876074761579415e-03
1.266716338742590109e-04
3.397780296862476859e-03
1.266716338742590109e-04
3.122284597116870616e-03
1.135440947010587500e-03
2.225385388756400198e-03
1.266716338742590109e-04
1.644808565215233982e-03
1.050223000848402033e-02
9.790214414688493821e-04
3.397780296862476859e-03
4.278686299752748959e-03
2.817671465690834744e-03
1.929362004266848814e-03
1.110812789358886716e-03
3.565571916460623771e-04
4.278686299752748959e-03
1.266716338742590109e-04
1.986532924885204936e-03
2.225385388756399765e-03
2.225385388756400198e-03
2.225385388756400632e-03
2.357643471292331094e-03
4.058154624549364063e-03
5.022805656231487531e-03
5.022805656231487531e-03
1.724246717810809081e-03
1.650350429904631723e-03
1.266716338742590109e-04
1.266716338742590109e-04
1.283605889925824688e-02
1.155245300933242097e-02
1.166914445387113274e-03
1.441218721988145237e-03
7.220283130832763109e-03
1.300232515958271674e-03
2.822370929648783562e-03
1.830822834034573571e-03
1.925408834888736901e-03
2.449610190846517477e-03
1.266716338742590109e-04
2.750584049841052654e-03
1.266716338742590109e-04
1.266716338742590109e-04
1.266716338742590109e-04
1.266716338742590109e-04
2.225385388756400198e-03
1.864022173461900344e-03
2.225385388756400198e-03
1.963552236329152781e-03
3.500743336161339821e-03
2.406761043610921181e-03
4.443251157435546862e-03
5.501168099682104441e-03
2.225385388756400198e-03
1.861414993328968813e-03
1.266716338742590109e-04
1.925408834888736901e-03
1.266716338742590109e-04
1.266716338742590109e-04
3.052804771900475937e-03
1.066649445834598649e-03
6.527372247278403518e-03
1.266716338742590109e-04
3.209014724814561719e-03
1.973544055760955568e-03
2.225385388756400198e-03
1.266716338742590109e-04
3.418161698487790032e-03
1.155245300933242097e-02
2.422824375965953320e-03
1.155245300933242097e-02
3.040119212982216046e-03
2.026746141988144175e-03
2.225385388756400198e-03
2.225385388756400198e-03
2.316073216183660907e-03
1.050223000848402033e-02
4.125876074761579415e-03
8.251752149523158830e-03
9.627044174443684724e-03
8.886502314871093725e-03
7.504914665920219691e-03
1.337062290587367238e-04
1.481083719145182215e-03
6.418029449629123438e-03
1.750371668080669910e-03
2.625557502121005082e-03
6.795560593724953719e-03
6.418029449629123438e-03
2.100446001696803892e-03
3.013029384223469848e-03
3.500743336161339821e-03
1.520059606491108023e-03
2.225385388756400198e-03
2.225385388756400198e-03
8.251752149523158830e-03
7.501592863202870580e-04
6.080238425964432092e-03
3.850817669777473803e-03
9.627044174443684724e-03
1.958042882937698764e-03
1.266716338742590109e-04
8.193229084632922639e-04
5.251115004242010165e-03
1.650350429904631766e-02
2.225385388756400632e-03
1.155245300933242097e-02
1.328622341317761517e-02
6.418029449629123438e-03
8.251752149523158830e-03
1.266716338742590109e-04
1.266716338742590109e-04
6.795560593724953719e-03
5.501168099682105309e-03
2.100446001696803892e-03
2.291800192529351923e-03
1.050223000848402033e-02
1.653999688977996364e-03
6.418029449629123438e-03
2.844748188484260126e-03
1.266716338742590109e-04
2.533432677485180219e-04
1.837502066449323230e-03
1.744540982977136690e-03
2.100446001696803892e-03
2.209800593693160217e-03
9.448580153054519188e-04
2.263882264661841535e-03
1.266716338742590109e-04
1.266716338742590109e-04
2.028795487438935039e-03
4.813522087221842362e-03
1.266716338742590109e-04
1.266716338742590109e-04
4.813522087221842362e-03
2.325372988996059122e-03
1.266716338742590109e-04
2.139343149876374479e-03
4.131145392864722654e-03
1.266716338742590109e-04
2.511402828115743766e-03
2.323479470990593137e-03
4.173789474339455532e-03
1.266716338742590109e-04
3.133330415267048755e-03
4.443251157435546862e-03
1.469669839463298841e-03
5.251115004242010165e-03
3.750069533068179414e-03
1.520059606491108023e-03
2.457968725389877117e-03
3.500743336161339821e-03
1.995138363870246033e-03
4.813522087221842362e-03
5.022805656231487531e-03
2.225385388756400632e-03
2.793796580689178900e-03
1.266716338742590109e-04
2.225385388756400198e-03
1.843860606361264485e-03
2.285439588785068230e-03
2.625557502121005082e-03
6.816882791440101626e-03
4.071295771911861636e-03
2.225385388756400198e-03
8.251752149523158830e-03
9.627044174443684724e-03
2.265186864574984717e-03
1.266716338742590109e-04
2.225385388756400198e-03
6.312815852094219669e-04
4.278686299752748959e-03
1.724246717810809081e-03
6.418029449629123438e-03
4.813522087221842362e-03
2.404648214262102967e-03
2.817671465690834744e-03
2.265186864574984717e-03
2.225385388756400198e-03
1.739849719046176460e-03
1.856291594661961747e-03
2.357643471292331094e-03
1.725442590497045783e-03
5.776226504666210487e-03
2.225385388756400198e-03
2.225385388756400198e-03
2.225385388756400198e-03
2.225385388756312595e-03
2.225385388756400198e-03
3.850817669777473803e-03
1.958042882937698764e-03
2.310490601866484195e-02
7.701635339554947605e-03
3.850817669777473803e-03
1.266716338742590109e-04
2.310490601866484195e-02
7.220283130832763109e-03
2.752311050372051923e-03
4.813522087221842362e-03
1.922222629899733842e-03
1.766475386595880515e-03
1.266716338742590109e-04
2.225385388756400198e-03
2.225385388756399765e-03
1.266716338742590109e-04
2.139343149876374479e-03
3.300700859809263445e-03
2.225385388756400198e-03
1.520059606491108023e-03
1.958042882937698764e-03
8.251752149523158830e-03
4.278686299752748959e-03
4.278686299752748959e-03
2.844627616980376257e-03
2.962167438290364430e-03
3.850817669777473803e-03
2.310490601866484282e-03
2.026746141988144175e-03
4.447238898909803423e-03
1.266716338742590109e-04
2.357643471292330661e-03
1.283605889925824601e-03
5.251115004242010165e-03
1.462335823966129204e-03
2.225385388756400198e-03
1.805070782708190777e-03
2.625557502121005082e-03
2.225385388756400198e-03
2.225385388756400198e-03
4.125876074761579415e-03
3.983604485976696349e-03
1.266716338742590109e-04
2.964116232657660645e-03
2.456001183835457898e-03
1.155245300933242097e-02
3.300700859809263445e-03
2.225385388756400198e-03
2.225385388756400198e-03
2.062938037380789708e-03
2.225385388756400198e-03
7.220283130832763109e-03
1.674268552077162438e-03
3.500743336161339821e-03
2.225385388756400198e-03
1.408835732845417372e-03
5.251115004242010165e-03
2.225385388756400198e-03
2.237576736386881395e-03
2.139343149876374913e-03
8.668369978515191171e-03
2.203673048788740586e-03
2.625557502121004649e-03
1.266716338742590109e-04
2.100446001696803892e-03
1.266716338742590109e-04
5.251115004242010165e-03
3.983604485976697217e-03
1.266716338742590109e-04
1.532380792996617443e-03
3.967903342169356272e-03
2.135878626556736524e-03
2.029658418814527486e-03
3.177915779025818153e-03
2.188321381226608024e-03
1.266716338742590109e-04
1.266716338742590109e-04
2.225385388756400198e-03
2.214220160122047382e-03
8.251752149523158830e-03
3.209014724814561719e-03
1.619280235377519410e-03
2.225385388756400198e-03
4.011268406018201878e-06
4.620981203732968563e-03
2.225385388756400198e-03
5.022805656231487531e-03
1.155245300933242097e-02
1.266716338742590109e-04
2.225385388756400198e-03
1.777300462974218745e-03
1.582527809497592027e-03
5.022805656231487531e-03
2.406761043610921181e-03
5.776226504666210487e-03
4.443251157435546862e-03
5.776226504666210487e-03
2.457968725389877117e-03
8.251752149523158830e-03
2.225385388756400198e-03
2.225385388756400198e-03
2.225385388756400198e-03
3.209014724814561719e-03
9.627044174443684724e-03
3.209014724814561719e-03
2.882643560925527652e-03
6.418029449629123438e-03
5.022805656231487531e-03
4.813522087221842362e-03
2.225385388756400198e-03
8.251752149523158613e-04
2.139343149876374479e-03
5.022805656231487531e-03
2.625557502121005082e-03
2.225385388756400198e-03
2.225385388756400198e-03
2.225385388756400198e-03
2.225385388756400198e-03
2.225385388756400198e-03
2.225385388756400198e-03
4.813522087221842362e-03
2.225385388756400198e-03
1.750371668080669910e-03
7.701635339554947605e-03
3.397780296862476859e-03
1.050223000848402033e-02
3.209014724814561719e-03
8.886502314871093725e-03
2.225385388756400198e-03
2.225385388756400198e-03
6.080238425964432092e-03
5.022805656231487531e-03
2.686616978914516465e-03
5.776226504666210487e-03
3.397780296862476859e-03
1.893844755628265901e-03
1.750371668080669910e-03
2.357643471292331094e-03
1.893844755628265901e-03
2.888113252333105244e-03
1.283605889925824688e-02
2.457968725389877117e-03
3.300700859809263445e-03
1.627106057652453683e-03
2.225385388756400198e-03
2.225385388756400198e-03
2.686616978914516465e-03
2.567211779851649202e-03
2.225385388756400198e-03
6.080238425964432092e-03
3.983604485976697217e-03
2.310490601866484282e-03
2.888113252333105244e-03
4.125876074761579415e-03
1.674268552077162438e-03
2.225385388756400198e-03
8.193229084632922639e-04
1.777300462974218745e-03
1.143807228646774414e-03
2.357643471292331094e-03
6.080238425964432092e-03
1.833722699894035175e-03
1.698890148431238430e-03
1.343308489457258233e-03
3.040119212982216046e-03
6.795560593724953719e-03
8.686054894234902833e-04
1.391861808353303661e-03
2.457968725389877117e-03
4.620981203732968563e-03
2.062938037380789708e-03
1.582527809497592027e-03
5.251115004242010165e-03
3.726597744945942502e-03
8.251752149523158830e-03
8.251752149523158830e-03
1.893844755628265901e-03
2.962167438290364430e-03
8.251752149523158830e-03
2.511402828115743766e-03
3.610141565416381555e-03
2.225385388756400198e-03
2.139343149876374479e-03
2.225385388756400198e-03
2.225385388756400198e-03
2.225385388756400198e-03
1.674268552077162438e-03
1.724246717810809081e-03
2.265186864574984717e-03
3.850817669777473803e-03
2.225385388756400198e-03
5.251115004242010165e-03
2.511402828115743766e-03
5.251115004242010165e-03
1.178821735646165547e-03
4.813522087221842362e-03
2.225385388756400198e-03
2.686616978914516465e-03
2.139343149876374479e-03
1.750371668080669910e-03
2.457968725389877117e-03
2.406761043610921181e-03
2.225385388756400198e-03
1.958042882937698764e-03
5.022805656231487531e-03
2.062938037380789708e-03
1.050223000848402033e-02
8.686054894234902833e-04
1.627106057652453683e-03
1.925408834888736901e-03
2.225385388756400198e-03
4.620981203732968563e-03
1.805070782708190777e-03
6.418029449629123438e-03
2.225385388756400198e-03
2.225385388756400198e-03
1.155245300933242097e-02
2.406761043610921181e-03
2.026746141988144175e-03
2.225385388756400198e-03
1.050223000848402033e-02
2.139343149876374479e-03
2.221625578717773431e-03
8.251752149523158830e-03
2.225385388756400198e-03
3.726597744945942502e-03
1.893844755628265901e-03
2.225385388756400198e-03
2.225385388756400198e-03
2.225385388756400198e-03
2.225385388756400198e-03
1.444056626166552622e-02
2.225385388756400198e-03
1.893844755628265901e-03
2.962167438290364430e-03
1.958042882937698764e-03
4.125876074761579415e-03
3.850817669777473803e-03
1.777300462974218745e-03
5.251115004242010165e-03
2.357643471292331094e-03
2.686616978914516465e-03
3.040119212982216046e-03
3.850817669777473803e-03
7.701635339554947605e-03
1.805070782708190777e-03
4.813522087221842362e-03
4.620981203732968563e-03
3.122284597116870616e-03
8.886502314871093725e-03
2.100446001696803892e-03
2.221625578717773431e-03
1.805070782708190777e-03
1.627106057652453683e-03
9.627044174443684724e-03
2.225385388756400198e-03
2.225385388756400198e-03
2.888113252333105244e-03
2.225385388756400198e-03
2.406761043610921181e-03
3.726597744945942502e-03
7.701635339554947605e-03
4.620981203732968563e-03
2.026746141988144175e-03
2.265186864574984717e-03
1.863298872472971251e-03
1.110812789358886716e-03
2.511402828115743766e-03
2.179708114968381422e-03
5.501168099682105309e-03
2.139343149876374479e-03
5.501168099682105309e-03
2.225385388756400198e-03
2.225385388756400198e-03
1.583018261218728561e-03
7.701635339554947605e-03
2.225385388756400198e-03
2.225385388756400198e-03
2.225385388756400198e-03
3.300700859809263445e-03
1.203380521805460590e-03
2.225385388756400198e-03
2.888113252333105244e-03
4.443251157435546862e-03
3.500743336161339821e-03
2.225385388756400198e-03
1.674268552077162438e-03
1.833722699894035175e-03
1.650350429904631766e-02
2.225385388756400198e-03
2.310490601866484282e-03
1.777300462974218745e-03
1.674268552077162438e-03
2.817671465690834744e-03
2.225385388756400198e-03
2.100446001696803892e-03
1.925408834888736901e-03
7.701635339554947605e-03
2.225385388756400198e-03
2.225385388756400198e-03
1.777300462974218745e-03
4.125876074761579415e-03
2.457968725389877117e-03
1.155245300933242097e-02
9.469223778141329503e-04
1.031469018690394854e-03
1.925408834888736945e-02
2.225385388756400198e-03
2.221625578717773431e-03
1.582527809497592027e-03
1.777300462974218745e-03
2.225385388756400198e-03
1.050223000848402033e-02
2.511402828115743766e-03
2.225385388756400198e-03
1.391861808353303661e-03
2.225385388756400198e-03
2.265186864574984717e-03
2.225385388756400198e-03
1.004561131246297419e-03
2.225385388756400198e-03
9.627044174443684507e-04
6.080238425964432092e-03
5.157345093451974269e-04
1.582527809497592027e-03
2.225385388756400198e-03
2.225385388756400198e-03
1.958042882937698764e-03
2.310490601866484195e-02
1.627106057652453683e-03
2.225385388756400198e-03
2.406761043610921181e-03
2.225385388756400198e-03
2.225385388756400198e-03
2.225385388756400198e-03
7.701635339554947605e-03
1.444056626166552622e-03
1.283605889925824688e-02
1.444056626166552622e-02
2.511402828115743766e-03
3.610141565416381555e-03
2.225385388756400198e-03
6.418029449629123438e-03
3.726597744945942502e-03
3.500743336161339821e-03
2.310490601866484282e-03
1.283605889925824688e-02
8.251752149523158830e-03
2.750584049841052654e-03
4.620981203732968563e-03
2.962167438290364430e-03
2.225385388756400198e-03
2.265186864574984717e-03
2.457968725389877117e-03
5.501168099682105309e-03
1.833722699894035175e-03
1.724246717810809081e-03
1.408835732845417372e-03
1.650350429904631723e-03
1.283605889925824601e-03
7.220283130832763109e-03
1.228984362694938558e-03
9.627044174443684724e-03
9.959011214941743042e-04
3.726597744945942502e-03
2.406761043610921181e-03
1.050223000848402033e-02
2.225385388756400198e-03
2.225385388756400198e-03
1.540327067910989521e-03
1.242199248315314095e-03
2.225385388756400198e-03
1.925408834888736945e-02
2.062938037380789708e-03
2.225385388756400198e-03
1.925408834888736901e-03
3.500743336161339821e-03
1.627106057652453683e-03
1.444056626166552622e-02
2.225385388756400198e-03
2.225385388756400198e-03
6.418029449629123438e-03
1.650350429904631766e-02
7.701635339554947605e-03
2.265186864574984717e-03
2.225385388756400198e-03
1.462335823966129204e-03
2.225385388756400198e-03
2.225385388756400198e-03
2.225385388756400198e-03
2.225385388756400198e-03
2.225385388756400198e-03
2.225385388756400198e-03
1.155245300933242097e-02
2.225385388756400198e-03
1.650350429904631723e-03
8.251752149523158830e-03
2.225385388756400198e-03
2.225385388756400198e-03
2.225385388756400198e-03
2.225385388756400198e-03
2.225385388756400198e-03
2.225385388756400198e-03
1.426228766584249508e-03
1.266716338742590109e-04
1.266716338742590109e-04
2.104519007610438329e-03
1.298028428014878864e-03
2.962167438290365731e-03
1.958042882937699198e-03
1.266716338742590109e-04
1.266716338742590109e-04
1.540327067910989521e-03
4.620981203732968563e-03
1.203380521805460590e-03
1.155245300933242097e-02
1.283605889925824688e-02
2.888113252333105244e-03
2.357643471292331094e-03
7.220283130832763109e-03
2.143409944645724690e-03
6.795560593724953719e-03
3.726597744945942502e-03
5.251115004242010165e-03
2.817671465690834744e-03
2.225385388756400198e-03
5.022805656231487531e-03
1.478276650369732400e-03
6.080238425964432092e-03
9.627044174443684724e-03
2.406761043610921181e-03
1.494075681593824223e-03
2.225385388756400198e-03
2.191537644628281222e-03
1.050223000848401946e-03
1.540411079365206241e-03
7.701635339554947605e-03
1.688738862866561797e-03
1.805070782708190777e-03
3.769813414587981897e-03
1.813995375094786281e-03
1.659130935983354387e-03
4.398563286599269789e-03
1.190974537044579623e-03
2.265186864574984717e-03
2.554113760566691874e-03
6.080238425964432092e-03
4.443251157435546862e-03
2.974111661831857750e-03
5.501168099682105309e-03
4.278686299752748959e-03
3.300700859809263445e-03
1.893844755628265901e-03
1.777300462974218745e-03
2.765524275618290017e-03
1.375292024920526327e-03
2.062938037380789708e-03
4.697603117920759810e-03
3.908466484139096198e-03
4.813522087221842362e-03
1.266716338742590109e-04
1.266716338742590109e-04
3.850817669777473803e-03
3.724503950583200364e-03
2.265186864574984717e-03
6.418029449629123438e-03
1.873525899881415277e-03
1.604507362407280860e-03
7.265693716561271408e-04
2.357311277132283656e-03
8.251752149523158830e-03
1.269500330695870439e-03
4.813522087221842362e-03
3.122284597116870616e-03
4.360968728594148344e-03
1.893844755628265901e-03
3.125853804925278825e-03
7.384226039961024534e-04
5.501168099682105309e-03
2.750584049841052654e-03
2.519648522204303871e-03
8.251752149523158830e-03
5.776226504666210487e-03
1.266716338742590109e-04
2.109394263026061981e-03
2.225385388756399765e-03
7.220283130832763109e-03
2.225385388756400198e-03
2.062938037380789708e-03
4.620981203732968563e-03
1.266716338742590109e-04
3.209014724814561719e-03
3.397780296862476859e-03
2.225385388756399765e-03
4.813522087221842362e-03
1.882856228333694643e-03
1.419981461451038469e-03
1.266716338742590109e-04
1.817110560800908785e-03
2.182364269316387339e-03
2.817671465690834744e-03
1.767869758933974947e-03
2.179708114968381422e-03
2.225385388756400198e-03
9.790214414688493821e-04
8.886502314871093725e-04
4.813522087221842362e-03
3.983604485976697217e-03
1.724246717810809081e-03
8.955389929715056692e-04
2.225385388756400198e-03
3.300998695660741986e-03
5.593819351887276137e-03
4.620981203732968563e-03
2.225385388756400198e-03
1.925408834888736901e-03
2.351518911891163199e-03
2.225385388756400198e-03
1.596315989295642645e-03
1.266716338742590109e-04
2.007242570453374435e-03
1.629647109099376361e-03
9.627044174443684724e-03
1.266716338742590109e-04
1.266716338742590109e-04
2.553372363248675430e-03
1.143807228646774414e-03
4.125876074761579415e-03
4.298058579991903029e-03
1.444056626166552622e-02
2.225385388756400198e-03
1.986715384855343349e-03
1.283605889925824688e-02
2.139343149876374479e-03
1.295722956724646140e-03
1.668289021534029651e-03
6.080238425964432092e-03
1.596417409319513111e-03
2.179708114968381422e-03
1.190974537044579623e-03
2.846879723027713732e-03
8.886502314871093725e-03
1.408835732845417372e-03
9.469223778141329503e-04
6.418029449629123438e-03
1.627106057652453683e-03
7.701635339554947605e-03
4.278686299752748959e-03
3.122284597116870616e-03
3.171115845484478394e-03
1.925408834888736901e-03
7.701635339554947605e-03
1.408835732845417372e-03
1.610856458810249045e-03
1.884915653883971086e-03
2.238677580209071007e-03
2.182850964186113830e-03
2.245286126665692241e-03
5.776226504666210487e-03
2.320993479599832866e-03
2.265186864574984717e-03
3.726597744945942502e-03
4.620981203732968563e-03
1.866478385520474893e-03
6.795560593724953719e-03
1.423319579910951654e-03
2.052825596021080022e-03
1.958042882937699198e-03
6.795560593724953719e-03
2.637820095540356364e-03
8.886502314871093725e-03
2.179708114968381422e-03
2.817671465690834744e-03
4.278686299752748959e-03
6.080238425964432092e-04
1.582527809497592027e-03
1.266716338742590109e-04
4.620981203732968563e-03
4.617359745109353257e-03
1.642621731503540392e-03
2.026746141988144175e-03
1.266716338742590109e-04
6.080238425964432092e-03
5.776226504666210487e-03
1.603357007710387149e-03
1.665706860388478216e-03
1.958042882937698764e-03
1.958042882937699198e-03
2.425815085529078614e-03
2.225385388756400198e-03
2.225385388756400198e-03
2.030863370537024613e-03
1.648433445671026055e-03
1.863298872472971034e-03
2.139343149876374046e-03
2.178999266800912132e-03
4.373428639247273556e-03
4.847183080838778080e-03
2.501143829634878968e-03
7.220283130832763109e-03
4.548114854342441213e-03
4.620981203732969431e-03
2.432380889369486956e-03
2.043954821801954782e-03
2.225385388756400198e-03
1.462335823966129421e-03
4.813522087221842362e-03
8.535518243656567763e-03
1.266716338742590109e-04
2.450482391847085949e-03
2.464449644044101103e-03
3.199049017013054410e-03
1.777300462974218745e-03
4.278686299752748959e-03
4.620981203732967696e-03
3.160725857546489628e-03
1.750371668080669910e-03
2.938123871421124880e-03
4.733028406833516763e-03
8.886502314871093725e-03
2.160633798931424401e-03
3.217560674990871741e-03
1.266716338742590109e-04
4.813522087221842362e-03
7.701635339554947605e-03
2.225385388756402367e-03
1.812149491659987557e-03
3.191221083483528845e-03
4.620981203732968563e-03
3.051523377321592369e-03
5.148151964943146336e-03
6.795560593724953719e-03
1.738532900921561843e-03
1.505340751341290592e-03
1.792248753750695514e-03
1.724246717810808864e-03
2.285974534599887874e-03
3.254857792311913016e-03
2.787365115623810854e-03
5.501168099682105309e-03
1.400348770599360625e-03
2.111614873756341958e-03
2.253500478795851785e-03
4.460535628589695767e-03
7.701635339554947605e-03
1.697031325970693900e-03
1.444056626166552622e-02
3.893378107131448534e-03
3.823512262048593593e-03
2.397945069092199694e-03
2.179708114968381422e-03
1.266716338742590109e-04
2.692441622771241973e-03
5.501168099682105309e-03
4.450092156121752789e-03
3.351333876324610710e-03
3.500743336161340688e-03
9.627044174443684724e-03
2.817671465690834744e-03
1.444056626166552622e-03
1.834721007461476410e-03
1.978085840010644896e-03
5.251115004242010165e-03
6.795560593724953719e-03
3.596309605395629685e-03
3.941416617400696210e-03
6.080238425964432092e-03
2.310490601866484282e-03
4.262897789421557829e-04
1.929389071473110737e-03
3.983604485976697217e-03
4.147911405011090423e-03
3.424441171031406776e-03
2.235320530915348852e-03
1.899550884214992307e-03
2.026205747840061685e-03
1.283605889925824688e-02
2.026828834739240019e-03
1.444056626166552622e-02
2.962167438290364430e-03
1.266716338742590109e-04
3.350208817394785023e-03
1.612516980480489153e-03
1.335196778385382707e-03
1.925408834888737335e-03
1.996328400255389067e-03
1.085119975773479436e-03
4.775774217174788561e-03
7.220283130832763109e-03
3.209014724814561719e-03
8.557372599505497701e-04
7.701635339554947605e-03
1.674268552077162438e-03
1.834721007461476193e-03
2.817671465690834744e-03
1.893844755628265901e-03
5.251115004242010165e-03
2.160104638069189429e-03
3.311974337677834994e-03
1.266716338742590109e-04
3.983604485976697217e-03
1.050223000848402033e-02
3.300700859809263445e-03
3.850817669777473803e-03
2.062938037380789708e-03
1.375292024920526327e-03
4.813522087221842362e-03
3.815596776456338986e-03
2.686616978914516465e-03
6.795560593724953719e-03
1.155245300933242097e-02
2.567211779851649202e-03
3.610141565416381555e-03
4.717251645477405463e-03
2.217874737522232409e-03
7.701635339554947605e-03
1.166914445387113490e-03
4.257539994334576770e-03
3.610141565416381555e-03
1.514744712762118150e-03
1.724246717810809081e-03
2.248751219713458153e-03
4.011268406018201878e-06
4.011268406018201878e-06
4.011268406018201878e-06
4.011268406018201878e-06
4.011268406018201878e-06
4.011268406018201878e-06
4.011268406018201878e-06
4.011268406018201878e-06
4.011268406018201878e-06
4.011268406018201878e-06
4.011268406018201878e-06
4.011268406018201878e-06
4.011268406018201878e-06
4.011268406018201878e-06
4.011268406018201878e-06
4.011268406018201878e-06
4.011268406018201878e-06
4.011268406018201878e-06
4.011268406018201878e-06
4.011268406018201878e-06
4.011268406018201878e-06
4.011268406018201878e-06
4.011268406018201878e-06
4.011268406018201878e-06
4.011268406018201878e-06
4.011268406018201878e-06
4.011268406018201878e-06
2.373136007284224521e-03
8.080437410021299241e-03
3.025642454825158267e-03
2.026746141988144175e-03
3.209014724814561719e-03
1.143807228646774414e-03
2.132749345617441540e-03
1.155245300933242097e-02
1.561142298558435308e-03
3.209014724814561719e-03
3.500743336161339821e-03
1.958042882937698764e-03
1.263613917501413622e-03
8.251752149523158830e-03
1.774396377250404442e-03
2.681016343876124232e-03
1.732905087182938682e-03
2.396298584304025134e-03
3.051771440845064444e-03
4.125876074761579415e-03
3.850817669777473803e-03
8.251752149523158830e-03
2.457968725389877117e-03
1.266716338742590109e-04
9.627044174443684724e-03
1.298028428014878864e-03
2.805595730837873863e-03
1.266716338742590109e-04
2.227094003917564399e-03
2.225385388756399765e-03
2.804403734528243368e-03
8.427550302928436907e-04
2.265186864574984717e-03
3.451926181808143753e-03
2.225385388756400198e-03
2.225385388756400198e-03
2.225385388756400198e-03
1.920149020991103288e-03
2.225385388756400632e-03
2.368394108436072416e-03
4.673109554927484983e-03
6.080238425964432092e-03
2.225385388756400198e-03
3.209014724814561719e-03
2.225385388756400198e-03
2.225385388756400198e-03
9.627044174443684724e-03
5.776226504666210487e-03
2.245286126665692241e-03
1.627106057652453900e-03
1.719115031150658017e-03
2.012110956766857695e-03
2.357643471292331094e-03
7.701635339554947605e-03
1.600323510093311190e-03
1.449248570341353124e-03
2.686616978914516465e-03
2.556749320544752721e-03
2.567021421391247477e-03
1.891454101568222244e-03
2.225385388756400198e-03
2.567211779851649202e-03
2.100446001696803892e-03
2.225385388756400198e-03
2.225385388756400198e-03
1.254744324565449732e-03
6.080238425964432092e-03
2.044601323441731355e-03
1.805070782708190777e-03
1.674268552077162438e-03
1.991802242988348608e-03
3.300700859809263445e-03
2.026746141988144175e-03
2.521528427223617471e-03
9.168613499470175876e-04
3.241759773026955688e-03
2.750584049841052654e-03
1.155245300933242097e-02
3.649851134945593725e-03
1.266716338742590109e-04
1.266716338742590109e-04
1.266716338742590109e-04
4.012483610368457014e-03
1.744943404633048740e-03
2.225385388756399765e-03
1.705083700549308266e-03
5.560519065579050315e-04
2.218316300954049133e-03
2.872222000154248805e-03
1.083226766282300918e-03
2.034814506394338161e-03
3.326676108275743605e-03
1.266716338742590109e-04
1.266716338742590109e-04
1.678677087873431785e-03
3.010956793372029060e-03
4.804650646426457438e-04
3.217002824405021735e-03
1.266716338742590109e-04
2.472079718442798165e-03
1.241725859301635003e-03
1.205918018872314786e-03
3.504300930693323747e-03
2.008388629002647117e-03
5.262187410536355546e-03
4.860643544997807729e-03
2.329405253639336634e-03
2.911220410404618663e-03
1.266716338742590109e-04
1.833722699894035175e-03
3.614497352365918063e-03
2.494174417346992079e-03
4.038596581486190128e-03
7.625708592057135228e-03
1.266716338742590109e-04
5.288714330849497887e-03
3.988466234634265549e-03
1.989198856050223944e-03
3.129079085196313000e-03
3.644916226978054188e-03
4.383744707574958877e-03
5.256435317350998185e-03
3.235567688691296656e-03
3.564519703520239394e-03
5.386311373832749876e-03
6.000158647259907357e-03
3.312211375815286244e-03
1.681984655084247998e-03
2.210668360169710297e-03
2.310490601866484282e-03
1.110812789358886716e-03
2.225385388756400198e-03
2.225385388756400198e-03
9.316494362364856254e-04
3.122284597116870616e-03
2.265186864574984717e-03
2.625557502121005082e-03
2.357643471292331094e-03
2.225385388756400198e-03
1.426228766584249508e-03
1.958042882937698764e-03
2.225385388756400198e-03
6.080238425964432092e-03
3.726597744945942502e-03
2.225385388756400198e-03
1.375292024920526327e-03
2.225385388756400198e-03
2.686616978914516465e-03
1.561142298558435308e-03
1.462335823966129204e-03
1.359112118744990830e-03
2.225385388756400198e-03
3.040119212982216046e-03
3.850817669777473803e-03
8.557372599505497701e-04
1.893844755628265901e-03
1.462335823966129204e-03
1.500318572640574116e-03
2.225385388756400198e-03
2.225385388756400198e-03
1.698890148431238430e-03
2.567211779851649202e-03
2.625557502121005082e-03
2.225385388756400198e-03
2.225385388756400198e-03
2.567211779851649202e-03
3.726597744945942502e-03
1.408835732845417372e-03
3.610141565416381555e-03
2.888113252333105244e-03
2.225385388756400198e-03
2.888113252333105244e-03
2.888113252333105244e-03
2.310490601866484282e-03
3.397780296862476859e-03
3.122284597116870616e-03
2.225385388756400198e-03
3.983604485976697217e-03
4.443251157435546862e-03
2.179708114968381422e-03
2.817671465690834744e-03
1.650350429904631723e-03
1.604507362407280860e-03
1.582527809497592027e-03
1.166914445387113274e-03
2.225385388756400198e-03
2.139343149876374479e-03
3.726597744945942502e-03
2.179708114968381422e-03
2.511402828115743766e-03
1.627106057652453683e-03
1.893844755628265901e-03
1.481083719145182215e-03
1.069671574938187240e-03
4.011268406018201878e-06
4.011268406018201878e-06
4.011268406018201878e-06
2.225385388756400198e-03
4.011268406018201878e-06
4.011268406018201878e-06
4.011268406018201878e-06
4.011268406018201878e-06
4.011268406018201878e-06
2.225385388756400198e-03
2.225385388756400198e-03
2.225385388756400198e-03
2.225385388756400198e-03
2.225385388756400198e-03
2.225385388756400198e-03
2.225385388756400198e-03
2.225385388756400198e-03
2.225385388756400198e-03
2.225385388756400198e-03
2.225385388756400198e-03
2.225385388756400198e-03
2.225385388756400198e-03
2.225385388756400198e-03
2.225385388756400198e-03
2.225385388756400198e-03
2.225385388756400198e-03
2.225385388756400198e-03
2.225385388756400198e-03
2.225385388756400198e-03
2.225385388756400198e-03
2.225385388756400198e-03
2.225385388756400198e-03
2.225385388756400198e-03
2.225385388756400198e-03
2.225385388756400198e-03
2.225385388756400198e-03
2.225385388756400198e-03
2.225385388756400198e-03
2.225385388756400198e-03
2.225385388756400198e-03
2.225385388756400198e-03
2.225385388756400198e-03
2.225385388756400198e-03
2.225385388756400198e-03
2.225385388756400198e-03
2.225385388756400198e-03
2.225385388756400198e-03
2.225385388756400198e-03
2.225385388756400198e-03
2.225385388756400198e-03
2.225385388756400198e-03
2.225385388756400198e-03
2.225385388756400198e-03
2.225385388756400198e-03
2.225385388756400198e-03
2.225385388756400198e-03
2.225385388756400198e-03
2.225385388756400198e-03
2.225385388756400198e-03
2.225385388756400198e-03
2.225385388756400198e-03
2.225385388756400198e-03
2.225385388756400198e-03
2.225385388756400198e-03
2.225385388756400198e-03
2.225385388756400198e-03
2.225385388756400198e-03
2.225385388756400198e-03
2.225385388756400198e-03
2.225385388756400198e-03
2.225385388756400198e-03
2.225385388756400198e-03
2.225385388756400198e-03
2.225385388756400198e-03
2.225385388756400198e-03
2.225385388756400198e-03
2.225385388756400198e-03
2.225385388756400198e-03
2.225385388756400198e-03
2.225385388756400198e-03
2.225385388756400198e-03
2.225385388756400198e-03
2.225385388756400198e-03
2.225385388756400198e-03
2.225385388756400198e-03
2.225385388756400198e-03
2.225385388756400198e-03
2.225385388756400198e-03
2.225385388756400198e-03
2.225385388756400198e-03
2.225385388756400198e-03
2.225385388756400198e-03
2.225385388756400198e-03
2.225385388756400198e-03
2.225385388756400198e-03
2.225385388756400198e-03
2.225385388756400198e-03
2.225385388756400198e-03
2.225385388756400198e-03
2.225385388756400198e-03
2.225385388756400198e-03
2.225385388756400198e-03
2.225385388756400198e-03
2.225385388756400198e-03
2.225385388756400198e-03
2.225385388756400198e-03
2.225385388756400198e-03
2.225385388756400198e-03
2.225385388756400198e-03
2.225385388756400198e-03
2.225385388756400198e-03
2.225385388756400198e-03
2.225385388756400198e-03
2.225385388756400198e-03
2.225385388756400198e-03
2.225385388756400198e-03
2.225385388756400198e-03
2.225385388756400198e-03
2.225385388756400198e-03
2.225385388756400198e-03
2.225385388756400198e-03
2.225385388756400198e-03
2.225385388756400198e-03
2.225385388756400198e-03
2.225385388756400198e-03
2.225385388756400198e-03
2.225385388756400198e-03
2.225385388756400198e-03
2.225385388756400198e-03
2.225385388756400198e-03
2.225385388756400198e-03
2.225385388756400198e-03
2.225385388756400198e-03
2.225385388756400198e-03
2.225385388756400198e-03
2.225385388756400198e-03
2.225385388756400198e-03
2.225385388756400198e-03
2.225385388756400198e-03
2.225385388756400198e-03
2.225385388756400198e-03
2.225385388756400198e-03
2.225385388756400198e-03
2.225385388756400198e-03
2.225385388756400198e-03
2.225385388756400198e-03
2.225385388756400198e-03
2.225385388756400198e-03
2.225385388756400198e-03
2.225385388756400198e-03
2.225385388756400198e-03
2.225385388756400198e-03
2.225385388756400198e-03
2.225385388756400198e-03
2.225385388756400198e-03
2.225385388756400198e-03
2.225385388756400198e-03
2.962167438290364430e-03
2.511402828115743766e-03
2.221625578717773431e-03
2.225385388756400198e-03
6.080238425964432092e-03
4.011268406018201878e-06
4.011268406018201878e-06
4.011268406018201878e-06
4.011268406018201878e-06
4.011268406018201878e-06
4.011268406018201878e-06
4.011268406018201878e-06
4.011268406018201878e-06
4.011268406018201878e-06
4.011268406018201878e-06
4.011268406018201878e-06
4.011268406018201878e-06
4.011268406018201878e-06
4.011268406018201878e-06
4.011268406018201878e-06
4.011268406018201878e-06
4.011268406018201878e-06
4.011268406018201878e-06
4.011268406018201878e-06
4.011268406018201878e-06
4.011268406018201878e-06
4.011268406018201878e-06
4.011268406018201878e-06
4.011268406018201878e-06
4.011268406018201878e-06
4.011268406018201878e-06
4.011268406018201878e-06
4.011268406018201878e-06
4.011268406018201878e-06
4.011268406018201878e-06
4.011268406018201878e-06
4.011268406018201878e-06
4.011268406018201878e-06
4.011268406018201878e-06
4.011268406018201878e-06
4.011268406018201878e-06
4.011268406018201878e-06
4.011268406018201878e-06
4.011268406018201878e-06
4.011268406018201878e-06
4.011268406018201878e-06
4.011268406018201878e-06
4.011268406018201878e-06
4.011268406018201878e-06
4.011268406018201878e-06
4.011268406018201878e-06
4.011268406018201878e-06
4.011268406018201878e-06
4.011268406018201878e-06
4.011268406018201878e-06
4.011268406018201878e-06
4.011268406018201878e-06
4.011268406018201878e-06
4.011268406018201878e-06
4.011268406018201878e-06
4.011268406018201878e-06
2.225385388756400198e-03
2.225385388756400198e-03
2.225385388756400198e-03
2.225385388756400198e-03
2.225385388756400198e-03
2.225385388756400198e-03
2.225385388756400198e-03
2.225385388756400198e-03
2.225385388756400198e-03
2.225385388756400198e-03
2.225385388756400198e-03
2.225385388756400198e-03
2.225385388756400198e-03
2.225385388756400198e-03
2.225385388756400198e-03
2.225385388756400198e-03
2.225385388756400198e-03
2.225385388756400198e-03
2.225385388756400198e-03
2.225385388756400198e-03
2.225385388756400198e-03
2.225385388756400198e-03
4.011268406018201878e-06
4.011268406018201878e-06
4.011268406018201878e-06
4.011268406018201878e-06
4.011268406018201878e-06
4.011268406018201878e-06
4.011268406018201878e-06
4.011268406018201878e-06
4.011268406018201878e-06
4.011268406018201878e-06
4.011268406018201878e-06
4.011268406018201878e-06
4.011268406018201878e-06
4.011268406018201878e-06
4.011268406018201878e-06
4.011268406018201878e-06
4.011268406018201878e-06
4.011268406018201878e-06
4.011268406018201878e-06
4.011268406018201878e-06
4.011268406018201878e-06
4.011268406018201878e-06
