2.418442315032280025e-04
1.549955217512179162e-04
1.801225809976951661e-04
1.549953023279600326e-04
3.881343935294852244e-05
2.328115746261718720e-04
1.505678110787357735e-04
1.015000729129025364e-04
6.269636606082098931e-05
2.722988395441319417e-03
1.343575124535814830e-04
9.852817982461269553e-05
3.284206787221950405e-05
6.718346191167909613e-05
3.582763742467508277e-05
2.985687726829105458e-05
5.374125379126926978e-05
2.567711818902588075e-04
2.305514586657603021e-04
2.722988708573004062e-03
4.478568672267487898e-05
5.374284780748879914e-05
4.478532828743524646e-05
1.832737353863220058e-04
6.867168379536404792e-05
2.722988708573004062e-03
1.549957007424889398e-04
2.722988708573004062e-03
2.722988708573004062e-03
1.865963429866495803e-04
2.054363005700562603e-04
2.722988708573004062e-03
3.284283592456724559e-05
8.061422610362763965e-05
2.090012837690819088e-04
1.612295329453467734e-04
2.289405720192655457e-04
1.015136667360869968e-04
1.540249233615270511e-04
3.015574548835006446e-04
5.523479540193684031e-05
1.552576206192259132e-04
1.035264128129003298e-04
7.165496682571721189e-05
2.567729959378376261e-04
1.649008233430241538e-04
9.554289030285525704e-05
1.373369735463183779e-04
1.851143568688005730e-04
1.492865426082361680e-04
8.598491137066663348e-02
8.598505821786928127e-02
8.598480316783209398e-02
8.598510361164254934e-02
8.598598654009358133e-02
8.598575852352186022e-02
8.598533242620221007e-02
2.722988708573004062e-03
1.549955508792753313e-04
5.671847007766027041e-05
5.373777662688097314e-05
1.343577624238000796e-04
1.483311407401800082e-04
1.134567930852124041e-04
1.522722481321664878e-04
1.549952773958023216e-04
4.478551096109806387e-05
2.478158028060795061e-04
5.971435643535526850e-05
1.463007209977471609e-04
1.549958009913842522e-04
1.549955320889418386e-04
1.907114890933588416e-04
1.549958180182236633e-04
1.549956440066276237e-04
2.299013453541585397e-04
2.418443807515834574e-04
2.249906117123088439e-04
3.881432470805777591e-05
1.698093355349981285e-04
1.791438517096067477e-04
2.090012874785004775e-04
3.582817847276739757e-05
2.060105259967676410e-04
1.321626271866149121e-04
1.005194121764114415e-04
1.806859244346248057e-04
4.478536911130973297e-05
1.134572138508463141e-04
1.134575259386236745e-04
4.777163343989345459e-05
1.791439073103454419e-04
1.199052217248397154e-03
1.549956703103917764e-04
8.061161785534053017e-05
1.549954676301926551e-04
3.582865763640648239e-05
1.405493381632806475e-04
1.254005698190632301e-04
1.194275092353245832e-04
2.090012421344055436e-04
7.762868683462217239e-05
2.722988708573004062e-03
4.179998537437424298e-05
1.642151183287090263e-04
5.971443177911965838e-05
9.852776068058252928e-05
1.403737492689699268e-04
1.821296855429340290e-04
1.365743342237702525e-04
5.971405988456887274e-05
1.612293840821222104e-04
4.179977248820649662e-05
3.582605192187525894e-05
9.255719315045434544e-05
2.985672858749691399e-05
1.970583707622003292e-04
5.672760276756892494e-05
6.867116909833272836e-05
7.762786664771375135e-05
3.881369079274551135e-05
1.970583675392628686e-04
2.508014835194723852e-04
1.872708364201870052e-04
2.722988708573004062e-03
4.777143112455517119e-05
1.552580586954798965e-04
1.829479779218732899e-04
1.549957553432385884e-04
1.549954932718019878e-04
1.433150893986779738e-04
1.124750742924556066e-04
1.501706068499458714e-04
2.355086972208828304e-04
1.870669539585987479e-04
1.941462229196003620e-04
2.722988708573004062e-03
1.549957652079948171e-04
2.179584398877343408e-04
1.830278562488060648e-04
1.552565373676486075e-04
1.881007892968833775e-04
2.209441954989505962e-04
1.895037501139094276e-04
1.672009036760840482e-04
1.858973888694382499e-04
2.269155619932480860e-04
1.701867854683423455e-04
9.554340905389598342e-05
1.549957251205986866e-04
2.722988708573004062e-03
1.819798077070304912e-04
2.030298326676086343e-04
1.626922160695897987e-04
2.537873161163268013e-04
2.239299106714232436e-04
2.478157636848889525e-04
2.090013203362465425e-04
2.241532742998199931e-04
1.549958171871517441e-04
1.661972320720993658e-04
1.701863173924189198e-04
1.821297227992802847e-04
1.940726447047124890e-04
2.119870300763466477e-04
3.881423176989266398e-05
3.702305885277539128e-04
2.567730320996013138e-04
1.549957523094882812e-04
1.821296985968442496e-04
8.061409888881317847e-05
1.549957251205986866e-04
1.549958107615468771e-04
2.239288547438691632e-04
5.075722275564477636e-05
2.746846356910766836e-04
1.402074211726904950e-04
5.374296376229218899e-05
3.582773843031887307e-05
1.549957443163330712e-04
9.575132081429612056e-05
1.338654182381602165e-04
2.985721997397428325e-05
2.722988708573004062e-03
3.399793450495935715e-05
7.463366008907681103e-05
1.761581692124497599e-04
2.149727362286483459e-04
8.658590607420069292e-05
1.612295397155424242e-04
1.549956826548503481e-04
1.492850400504683447e-05
2.442185215263675954e-04
1.549958180182236633e-04
2.508015563092108689e-04
1.492865506757148463e-04
3.284259292724480003e-05
2.687127988506105445e-05
1.254002999639285999e-04
2.687134065466170976e-05
1.706497764281540686e-04
2.687105902262984259e-05
5.672701978074953539e-05
4.179969839104999229e-05
1.433149965213229970e-04
2.388553351698622108e-05
5.971448960956351543e-05
2.089972929819747997e-05
1.311586913428048424e-04
1.415757491294470998e-04
1.983852701491022313e-04
1.551268118613821363e-04
1.549956750333126969e-04
1.881311245419715081e-04
5.672851502103043735e-05
1.821296893334328141e-04
1.311371102258080019e-04
1.851154567012762626e-04
2.589798975676452643e-04
1.781650604447502649e-04
1.549957251205986866e-04
1.731725199987097831e-04
1.424011178682422466e-04
1.594812951086296447e-04
1.940726470965780303e-04
1.549954673869520874e-04
2.179585245354502608e-04
1.433151620059860520e-04
2.746874438020263458e-04
1.940726445020120295e-04
1.254007460468511265e-04
2.060153996863083677e-04
1.642151101598801047e-04
1.403291894039175624e-04
1.313721432097295452e-04
1.549955320889418386e-04
1.549956637023564769e-04
2.050857305844964432e-04
6.737203652010401384e-04
2.722988708573004062e-03
6.568575359823370752e-05
1.552576004099891498e-04
2.985653275857364286e-05
1.224150441715292673e-04
1.987506980566060961e-04
1.625990867990818444e-04
1.671080216589980406e-04
1.851147924112986906e-04
9.255693205198000197e-05
2.687159414173343787e-04
2.722988708573004062e-03
9.720748794864876423e-05
6.568498728911000711e-05
1.089563836311016495e-04
8.240721204905744341e-05
1.941462420849297333e-04
2.608993851072838278e-04
2.090013086809695657e-04
1.612293925144617267e-04
1.549944002297920303e-04
2.722988708573004062e-03
2.722988596996530741e-03
8.957143537034308934e-05
1.463008477868906084e-04
5.075711145281715155e-05
1.791439454991138329e-04
1.910865572728282316e-04
1.907115378326866551e-04
1.881011741439941539e-04
1.549957962684633318e-04
1.582438568332545715e-04
1.851153824318243460e-04
2.128991713436612467e-04
2.030298526133348031e-04
8.598431546627095801e-02
8.598805008026265406e-02
8.598682442649979718e-02
9.383623370487073699e-05
9.554319038062982969e-05
1.549956649388293422e-04
1.194285880883016982e-04
1.549913102232998690e-04
1.731725245797403792e-04
1.549958133561128780e-04
1.549957919509433303e-04
4.179935886776412276e-05
8.957143543115323803e-05
5.971374604343245094e-05
1.549957850793974091e-04
1.676021912165885283e-04
1.372874322481719498e-04
2.507994050288614787e-04
1.134570188327249250e-04
8.957036659157928849e-05
1.549931664325762692e-04
2.508014845127046828e-04
1.549957630255863748e-04
4.478593713883449593e-05
2.985697865906573352e-05
1.549956920804221620e-04
8.658585527746312201e-05
1.615332066539642317e-04
1.238561875489264637e-04
1.549957116106123712e-04
1.549956828575508076e-04
1.463008803000458624e-04
2.089964738693788520e-05
1.549955842336375451e-04
1.549958180182236633e-04
2.985709865774348283e-05
1.350069318579494619e-04
1.549952837504620399e-04
1.549954611235075989e-04
8.009675091007987125e-05
1.672007922921762274e-04
4.179998657030701366e-05
1.015123216765836852e-04
3.284252707999739304e-05
8.658317930694927386e-05
1.612294496962640700e-04
1.549957992481602246e-04
4.478576822853353443e-05
8.061426033973688075e-05
9.255762439570251569e-05
1.104720504087807284e-04
1.213339856549468064e-04
7.762804413224455352e-05
1.549957285867766606e-04
1.254004409218348630e-04
7.303173596261776541e-05
1.343537002455877036e-04
1.549957917887829519e-04
1.759677670843031317e-04
1.283861411552829378e-04
3.284251304298990189e-05
1.594722123430452406e-04
5.672728162921560882e-05
1.549957556067492102e-04
9.554197348863319584e-05
4.179987244994286765e-05
2.090008960233544287e-04
5.374029801801702671e-05
2.116786135957304067e-04
1.809511915116080274e-04
1.522723237799815670e-04
1.549953720839482090e-04
1.642153008807515464e-04
2.657302420149582501e-04
2.060155601034596641e-04
1.791439854919164138e-04
3.094878026446966921e-04
6.568399827298081379e-05
1.549957251205986866e-04
1.552581239244908912e-04
9.554271085212991371e-05
1.074852553495585602e-04
8.957161755752478499e-05
7.538222999161905632e-05
2.722988708573004062e-03
1.701846663768274526e-04
2.000440875360066798e-04
1.549956874791215660e-04
1.223417726714480503e-04
1.313713983260454330e-04
6.867138073789258240e-05
1.549936237045646643e-04
2.030298259176830105e-04
2.687141168090610835e-05
3.881312851177904760e-05
2.687105584023247667e-05
5.381996744089102293e-05
1.761573183265552746e-04
5.075731056548802173e-05
1.492865380474756260e-04
2.030298390932135284e-04
2.687105472537989521e-05
1.234577693665185399e-04
1.779921885752677865e-04
3.284234007867956067e-05
1.489265153503531751e-04
1.740401446585053424e-04
1.795175212138700469e-04
1.403292336331599284e-04
1.549951446472650613e-04
1.895316811182939259e-04
2.567730414238228844e-04
2.657302491702847659e-04
1.549957392082812588e-04
4.777171685113651607e-05
1.731724799653671211e-04
2.089938407902842613e-05
1.506533659678680392e-04
1.830079929199938699e-04
2.722988708573004062e-03
1.549958015386755227e-04
1.549958113493782286e-04
1.549956523207251353e-04
3.284115590253864714e-05
5.075700596749299490e-05
3.582837673409630127e-05
4.478497745346319750e-05
3.582822000609353299e-05
2.985706521216606969e-05
1.549955070148938032e-04
1.851153274189170305e-04
3.254449007375232340e-04
1.549957697147018635e-04
1.612295043848506557e-04
1.549958180182236633e-04
1.549958180182236633e-04
1.969559517510216496e-04
2.722988708573004062e-03
2.090002049769149221e-05
1.791405652255498185e-04
4.777099746717141906e-05
1.391662032815468983e-04
2.368153557768074848e-04
1.194434883895984585e-04
3.284245014503432019e-05
1.045002664427319513e-04
1.549951563329471057e-04
3.881426991812096043e-05
2.722988708573004062e-03
1.254001331819825716e-04
1.791370840882323110e-04
2.985726274377328057e-05
1.501804152562576046e-04
1.672005013156527525e-04
1.151577594839297891e-04
2.198582826537739162e-04
2.722988708573004062e-03
1.598301109060415589e-04
2.722988708573004062e-03
2.722988708573004062e-03
1.549957385190997182e-04
2.722988708573004062e-03
1.549956646347786394e-04
4.180006635321168205e-05
1.549944002297920303e-04
2.507976299808529434e-04
1.074848836779782881e-04
1.627929767217371358e-04
1.549956071489255933e-04
4.179975717418605235e-05
1.583168316196866682e-04
1.642153138535815777e-04
1.898208215358086423e-04
1.549958024710976852e-04
1.791424854476343751e-04
1.954612324963636778e-04
1.549958124642307966e-04
2.090011957565381768e-04
1.779921992575825198e-04
1.549957895388077349e-04
1.757906040215617130e-04
1.549957645863799969e-04
1.851153686481924496e-04
1.552574101958688704e-04
2.722988708573004062e-03
1.492862188347767632e-04
1.837183303215092457e-04
1.549957523094882812e-04
1.549956535876030681e-04
1.910868438102114619e-04
2.299014480624862766e-04
1.800343770470665605e-04
2.269154479134240210e-04
1.194287697079220964e-04
4.179935943532544053e-05
2.179584176514928740e-04
1.549955347037778935e-04
1.549954005363373625e-04
1.549958180182236633e-04
1.549957762821970548e-04
4.777121046482442899e-05
1.970581603388432863e-04
1.104713266667555421e-04
2.567729537153299094e-04
5.374285583442738290e-05
1.549956733711688585e-04
1.549956277230231947e-04
1.549957903698797354e-04
1.549955670345027421e-04
1.549941045911577429e-04
1.549953238851549452e-04
1.134577448044552742e-04
1.549957365123650146e-04
1.549957622755946448e-04
1.549958141061046079e-04
1.672010449785811222e-04
2.746874538559696466e-04
1.313720071166345541e-04
1.194289704421967171e-04
1.549958169743162440e-04
1.552580055271468519e-04
5.971428366588683894e-05
9.375199252189548834e-04
1.403283198797149493e-04
1.549956287973356815e-04
2.060151753982392120e-04
1.557042648321985145e-04
2.722988708573004062e-03
1.549957781267713257e-04
1.549958119574796343e-04
1.549958090048095163e-04
2.722988708573004062e-03
2.001004055342767444e-04
1.480599196652460840e-04
2.687139828240509714e-05
1.549957764038173522e-04
1.198172994133394129e-04
2.722988708573004062e-03
1.642152184830108434e-04
1.549958088156223629e-04
1.549958180182236633e-04
1.104720739017651010e-04
9.852776710618740981e-05
3.582825160709667863e-05
1.549956112232050000e-04
3.762023594567841223e-04
1.549958038291908207e-04
1.472984369620524228e-04
1.549957896198879241e-04
1.551268540028096637e-04
1.549902719509566593e-04
1.549958180182236633e-04
1.549958044859403507e-04
1.549957921333737628e-04
1.582437853813391964e-04
3.110245722498194390e-04
2.722988708573004062e-03
1.549956228582119499e-04
1.830117202269217625e-04
9.554123298327922022e-05
1.865723751231386897e-04
1.549958180182236633e-04
2.128086264677301622e-04
1.549958180182236633e-04
1.611797979778734589e-04
3.582869319006877121e-05
4.478412662837886766e-05
1.549954038808950933e-04
1.549957832956333004e-04
2.722988708573004062e-03
1.549957570256524809e-04
1.433150005347922956e-04
1.549955092648690202e-04
1.549957879104473652e-04
6.568461375268541008e-05
1.248351869457553780e-04
1.194291623995410241e-04
5.075610372743465473e-05
1.549950722223874427e-04
7.464310645796152924e-05
1.549952727134214822e-04
1.549956303175891955e-04
7.464225294709598906e-05
2.567729490734891240e-04
1.549956014125022940e-04
2.597584020731749546e-04
5.075706021013854670e-05
1.549955204944750240e-04
2.089969968365893298e-05
2.179584704346950537e-04
2.567680028374505355e-04
1.549956750130426699e-04
1.394960316716608933e-04
2.722988708573004062e-03
1.549951972277667815e-04
1.283860254335850615e-04
1.549958180182236633e-04
1.549939803290135217e-04
7.165733456989761981e-05
1.549958180182236633e-04
1.549958105588463905e-04
1.549958124642307966e-04
1.933062500206074571e-04
1.811624244365022318e-04
7.762862197047202921e-05
1.522704352399803182e-04
1.549956447904027139e-04
4.777091529240121609e-05
1.549957587283364274e-04
1.549950814655288241e-04
1.549955500482034121e-04
9.255706982748889908e-05
6.269728680743215995e-05
1.549957010195128677e-04
2.418425158667269733e-04
1.747214866615900649e-04
1.549957235192649292e-04
1.549956349999700349e-04
3.881401518444134880e-05
2.060155785492023730e-04
1.549956993370989753e-04
1.613583234787255587e-04
1.549948196373327912e-04
2.722988708573004062e-03
5.672875870753447773e-05
2.806561079544789652e-04
2.179585213530529084e-04
1.549957544310864800e-04
7.165672744145236417e-05
2.776731426976513121e-04
8.061438327757143509e-05
1.549943742435918865e-04
1.671477227191716492e-04
1.970582250002929565e-04
2.388520948001620131e-05
1.373436543916219208e-04
2.322747245241644923e-04
1.910869040730609413e-04
1.981707015741805949e-04
3.284287449846652867e-05
9.554195830636805567e-05
5.672864381690854768e-05
4.777152890726150096e-05
1.549957875523431396e-04
2.722988708573004062e-03
1.821293926204860399e-04
1.549957953765812504e-04
1.224147432221426809e-04
1.648823296616683904e-04
1.549952041601228108e-04
8.917033975720795166e-05
6.269768316792957534e-05
1.549956462397110522e-04
4.478583076162827818e-05
1.549943425006984165e-04
1.549955589062139286e-04
1.549958180182236633e-04
5.075620646278911904e-05
1.522703000184973544e-04
1.549954876874040806e-04
1.134576965009334609e-04
1.492865332637445433e-04
7.464256812605549911e-05
1.343568678255494312e-04
2.985704252998356892e-05
2.149713493520382637e-04
2.388546656502125290e-05
1.460568898696210365e-04
4.777138741557733460e-05
5.075658747210434242e-05
2.985723426435736233e-05
1.549956440066276237e-04
1.549958180182236633e-04
6.269951673556358970e-05
5.672828134792957597e-05
2.388541019402077472e-05
1.313719549415337800e-04
1.492748750276123198e-04
1.807972197557989908e-04
1.492866283505346289e-04
1.373435986692629564e-04
1.549956942898572708e-04
1.549955257038770798e-04
1.015147685347572276e-04
1.111049065153036578e-04
2.119864277519025017e-04
1.307612931309514955e-04
1.549957547148671829e-04
1.549958120182897152e-04
6.568609674985798367e-05
1.549953953269353067e-04
1.549957638971984021e-04
5.672761902414654518e-05
1.970583586204422170e-04
1.642150126001442885e-04
1.549957245733073620e-04
1.549957523094882812e-04
1.667456429672040184e-04
1.549957636742278885e-04
5.970369927575804009e-05
1.463008186791032474e-04
5.463890365006454858e-04
2.030297925531857832e-04
1.343571973354321081e-04
8.658537834352920688e-05
1.194292302839281548e-04
6.568535889988014404e-05
1.757897031902716165e-04
4.478346569309405356e-05
3.284292359252016661e-05
2.346564392023890819e-04
2.023585764743409223e-04
2.687115307564753936e-05
1.549958072446937273e-04
1.549958180182236633e-04
1.549958180182236633e-04
1.549949577979725939e-04
6.269994489976462378e-05
1.549958180182236633e-04
1.549957251205986866e-04
1.675745675682923372e-04
1.672009321149598685e-04
1.791438490947706928e-04
1.580504217315402264e-04
1.821294995044434267e-04
1.492865935265940227e-04
1.555853784292852721e-04
1.557952601992968638e-04
2.030296685613087960e-04
7.464262500380715315e-05
7.165608188099813626e-05
2.657302241165068117e-04
1.549958089372426332e-04
2.126908688002891962e-04
1.701867662726079067e-04
4.777126156561270270e-05
2.272849705593325972e-04
8.061467362572347745e-05
1.549955717979637708e-04
2.388546190291046081e-05
1.672009931075310509e-04
8.957193490537932281e-05
3.284298170674467915e-05
1.388204930942255283e-04
1.898206646861855902e-04
1.723469651044997144e-04
8.061436892637821410e-05
5.672872181604908710e-05
1.970582934117013035e-04
1.549958088764324981e-04
2.030298316338362556e-04
2.276182455155469542e-04
6.269943458106342726e-05
1.821296138275080594e-04
5.971448502853291256e-05
1.549917316173052252e-04
2.060153975984935291e-04
1.394773934342574695e-04
6.867082651426977674e-05
3.881413185883140783e-05
3.284202496053017898e-05
2.418442902458239679e-04
1.940524009298177520e-04
2.687102277978595217e-05
7.762841302682840577e-05
3.284263985240341697e-05
1.194286093313108776e-05
1.632031581842251070e-04
1.679187469585600827e-04
1.549957348299511222e-04
1.549957961367079667e-04
2.722988708573004062e-03
8.957163036819443789e-05
8.957191781772977661e-05
1.549957471773054081e-04
1.940722080270917494e-04
1.462981503301270369e-04
5.971429765221920844e-05
4.777152655593605422e-05
1.881011742656144242e-04
1.761582554614993831e-04
2.030298493903973426e-04
1.549957868023514097e-04
1.549957736268209188e-04
1.549951922616053205e-04
2.722988708573004062e-03
1.549957522013813171e-04
1.310114871944554563e-04
7.464291924380821034e-05
2.090013128160591346e-04
8.359948520004463555e-05
1.015141507848073738e-04
8.061453872856124347e-05
1.254007076959223570e-04
8.061383454713133394e-05
1.403293999691649296e-04
1.249836517477790970e-04
1.549957505392374787e-04
1.330638444152626443e-04
1.690881454894080285e-04
1.549958151398770137e-04
1.549955131161779404e-04
1.549957964711637913e-04
1.549957375461373933e-04
4.657742257683247333e-04
1.549949242172615738e-04
1.327705302507634273e-04
1.549957779342058797e-04
1.549957901874493029e-04
1.549958077818499572e-04
1.549956566483801502e-04
1.549958164979704203e-04
2.722988708573004062e-03
1.549958167209409339e-04
7.762875944193022351e-05
1.549956560875755736e-04
1.549958048548551832e-04
1.549957076275481401e-04
1.549949316090719635e-04
1.549955320889418386e-04
1.343578913210284197e-04
1.674705227885317244e-04
2.687009994535994976e-05
5.971437212437158453e-05
5.971433813150290432e-05
2.239299506642257974e-04
1.549957775186699201e-04
1.549955822877130309e-04
1.398032496474830547e-04
1.549954379345739154e-04
1.549956172028688669e-04
1.549958013359750632e-04
1.549956716279448309e-04
1.549954618329592207e-04
1.924539827382205622e-04
1.879988377726829170e-04
1.613583209044296119e-04
1.463003144008760258e-04
1.549957727552088915e-04
1.642148797705268390e-04
3.523164951123621664e-04
2.269156564111266309e-04
1.250225720883753127e-04
5.075727462669483411e-05
1.182153395622971770e-04
3.881386928064363819e-05
1.549923128609005803e-04
1.549957979407421836e-04
1.549954849408127148e-04
6.867116046329273900e-05
5.971117209206474479e-05
1.422095686818667813e-04
2.448293565132846159e-04
4.060590320178713826e-04
2.687060096010960263e-05
6.269902133561692517e-05
1.549957981941177648e-04
2.000440454959293685e-04
1.433150643043599114e-04
1.552006572789130505e-04
1.666270103711469503e-04
2.209442470051398296e-04
1.549958180182236633e-04
1.331894053123234732e-04
2.358728498063953456e-04
1.552578419073281219e-04
1.789448013071476154e-04
6.949160218631245502e-05
8.359878574153566002e-05
4.477841974869462103e-05
1.133863118643118831e-04
1.549956687090580732e-04
1.254466103015824149e-04
4.179922680840845729e-05
2.089966222461222796e-05
1.791415901602021182e-05
3.881404291386553369e-05
1.549949295820672872e-04
6.269854557734572662e-05
1.343575247372299196e-04
3.463450359839502675e-04
1.549958015792156038e-04
1.612295825866916547e-04
1.386361845792495411e-04
1.549957710119848639e-04
3.276953431708013722e-04
1.492639236405647043e-04
1.549956638645168553e-04
1.045005884425622474e-04
1.818444846594295216e-04
1.549957738092513243e-04
1.549958148358262838e-04
1.549958176939029064e-04
8.598599288539537921e-02
1.231940526374193797e-04
2.722988708573004062e-03
7.165744151466515533e-05
1.549951209515802156e-04
3.582787319572580296e-05
7.165633201337709771e-05
5.075695560656143089e-05
1.343418150454680810e-04
1.549954987852547735e-04
5.971447837995752522e-05
2.060155674412166395e-04
1.549957938765977904e-04
2.007797082708621223e-04
1.549957898428584377e-04
2.985674247247905374e-05
1.519848766516570561e-04
2.508015736603710368e-04
5.971436150286699992e-05
2.100587831085488466e-04
1.685750105418643561e-04
6.568613064745744629e-04
2.269157095186495404e-04
1.791439911269894427e-04
1.731210257856414831e-04
1.549956857358974842e-04
1.549954140699720789e-04
4.179957218973788280e-05
5.374269740374067487e-05
2.030289494813944222e-04
3.582868676446389746e-05
3.881418086166982950e-05
6.270012364103833176e-05
5.075720341802001317e-05
1.479462568473254816e-04
1.775244843427483115e-04
2.089867845842518842e-05
2.000440136719557093e-04
2.687130325642515005e-05
1.549947931038413770e-04
1.731713849571625953e-04
1.532164222301107294e-04
1.847336256835180660e-04
2.657301973195047486e-04
2.299014187722684831e-04
2.687134728296705318e-05
4.180023457433104873e-05
1.343579782592596648e-04
2.568857062646398614e-04
1.074863941816045195e-04
5.374319745363610040e-04
1.549958025724479014e-04
1.549957523094882812e-04
1.549957518162504251e-04
8.598379463358112040e-02
2.687113807581281816e-05
1.104721226512279415e-04
1.851154342217942281e-04
2.179585043059434433e-04
1.549957993089703598e-04
1.970583482219081595e-04
1.549957855658785444e-04
1.549958084304914709e-04
1.672010055330698118e-04
1.549958067784826460e-04
1.549957865895159096e-04
1.669410491926234580e-04
1.635807499410381729e-04
1.851154551202126135e-04
2.687145901146566123e-05
4.492433135893071042e-05
1.580504804741361918e-04
4.478502646643663944e-05
4.478527159211401139e-05
2.926017945524203578e-04
7.965519158661007028e-05
5.672691378867420289e-05
1.549957506000476139e-04
7.165738084641474332e-05
4.359157523149190640e-04
2.189872838796154213e-04
1.343554293413998994e-04
1.582436792473735396e-04
8.658561859426028664e-05
5.075649876024400890e-05
1.300237263395282892e-04
1.522723710294609340e-04
1.300290539130306269e-04
1.731724859855710691e-04
1.970183936159817985e-04
1.549957353164322304e-04
1.549957373231668797e-04
1.549957368974959066e-04
1.552581053165878039e-04
1.779922150479490656e-04
1.910869169040006483e-04
1.851148582889511720e-04
1.549957809037677591e-04
4.478564752040414300e-05
1.241345293471068933e-04
2.722988536581655815e-03
1.701867671442199340e-04
1.433151256617919318e-04
5.374286722619374477e-05
4.179980622769958890e-05
3.881403867742572823e-05
2.985683676873731140e-05
1.549956904790884588e-04
1.549954346508263198e-04
5.672887714541861165e-05
8.658615713900181686e-05
6.867127265800242490e-05
8.658382713764875929e-05
5.971385823003412063e-05
1.262621894414496201e-04
5.672801096577374292e-05
1.549925862835634550e-04
1.672010490325905019e-04
1.617705172706556077e-04
1.549957975758813457e-04
1.549958180182236633e-04
6.568583230682589584e-05
1.246216754191810589e-04
4.179812373272525988e-05
6.270024284918424972e-05
2.269157216401375984e-04
1.952806202673174757e-04
1.549957909779810868e-04
1.627086499033398724e-04
4.478586278830240367e-05
2.090002380170913858e-05
1.463009152050666578e-04
1.463006462418141090e-04
4.478594303741815331e-05
8.957141939754612460e-05
1.373436724927738187e-04
2.717000375806195964e-04
1.463008701042122644e-04
1.254005962917444821e-04
9.852885743201108268e-05
1.761582193605458306e-04
2.523804689177758850e-04
1.821855734374426767e-04
1.612295945865594425e-04
1.903519743708191711e-04
3.284242815203341424e-05
1.552580765128511457e-04
2.022148256600762915e-04
1.463007464771961153e-04
1.642152764958851058e-04
1.294496800818952182e-04
2.297666038654154171e-04
1.522721451400581023e-04
8.061361946166349223e-05
6.866626717261665449e-05
4.209883637908241405e-04
6.269952614086534955e-05
3.284152982409412942e-05
1.549955540616727108e-04
2.722988708573004062e-03
2.722987973418942304e-03
1.058409558901935403e-04
1.427357483649382237e-04
2.388586423901771537e-04
3.083117990295405810e-04
1.642151294366947327e-04
1.433151609722136462e-04
2.388531895853959915e-05
2.687127157434181520e-05
8.061174016480365193e-05
5.075719528973119966e-05
1.731723298048595578e-04
1.851152845680378270e-04
2.047316656079902083e-04
3.284241432786141641e-05
1.403292666936064529e-04
1.582436264439013058e-04
1.403294178068062328e-04
1.612295187765839849e-04
1.761581464897271577e-04
4.179987251075300956e-05
1.549939581197987213e-04
1.549953413275303158e-04
2.633350757594493446e-04
2.141675432269181173e-04
1.801203913360119660e-04
1.074037619855695597e-04
1.761522857502518060e-04
1.519078845660887060e-04
3.582843787531448147e-05
6.568573809164782401e-05
6.867161072184491555e-05
1.463008984011977603e-04
1.873009265777041295e-04
2.477798289408615368e-04
2.299014335491326771e-04
1.798811911131481013e-04
2.089986871558017492e-05
1.313717905717233200e-04
1.582378288307200224e-04
3.881431546491638095e-05
5.971399593257084473e-05
1.549957558297197237e-04
2.119858957847912170e-04
2.448224653459742193e-04
5.971453552121978745e-05
4.777121812690216125e-05
1.535278475297941576e-04
1.522723556444953343e-04
3.284272391228798543e-05
4.179993571275929405e-05
1.015148020614148197e-04
8.061308082570675930e-05
1.821296688809554830e-04
2.388550061870007503e-05
1.552581003098862347e-04
1.672010504920338808e-04
1.549958066467273352e-04
1.759091555382783824e-04
1.821297103940115508e-04
1.403294081582638782e-04
5.075701184580659820e-05
4.478559830473022801e-05
2.722988708573004062e-03
8.208048740444777555e-05
9.554344298595452171e-05
1.373436225473782075e-04
1.134576818254194965e-04
1.015113983962166489e-04
1.549953820095144644e-04
1.403293539561584278e-04
8.076116371890381220e-05
1.549958180182236633e-04
5.672876823445652819e-05
2.985721261594725379e-05
1.283863341869397317e-04
1.116739136053105036e-04
9.852904371374225265e-05
1.970558072701768292e-04
1.549957528905629119e-04
1.612295712760054888e-04
1.549957996738311977e-04
3.284115034854578717e-05
1.104719623962370099e-04
1.661973077604545531e-04
2.149727869240356871e-04
1.313719629887424043e-04
1.761582387792507830e-04
1.549957980116873594e-04
1.549957872888325450e-04
4.179927529436068285e-05
9.255758533532211084e-05
2.505004816607691345e-05
2.722988708573004062e-03
1.194277648811563405e-05
1.486182079737871371e-04
1.549958015184054686e-04
1.015143178910741590e-04
1.373433450301658721e-04
7.165670692816487083e-05
1.821296906307158145e-04
1.612295511073088064e-04
4.478456090399904566e-05
1.549945443295555646e-04
2.687118550772260757e-05
8.598540171640772778e-02
1.549958087345421737e-04
1.612293261705981641e-04
4.478589530145765771e-05
2.985722183881860144e-05
1.549958116128888504e-04
2.239299872719305393e-04
1.581776307361207627e-04
1.851598539520123545e-04
1.821855986128409282e-04
1.373436029665129037e-04
1.854811346114888207e-04
1.015139721448838955e-04
3.881442157861199728e-05
1.492862767665708635e-04
7.464285628504247318e-05
1.549957931468760874e-04
3.164875764585615568e-04
1.104718641473195989e-04
1.392302627158602767e-04
2.722988708573004062e-03
1.898484945788353538e-04
1.165202299940729563e-04
9.911283635346115949e-05
1.049630825986066563e-04
4.180012983899862204e-05
1.474165780783222844e-04
1.671992695049015867e-04
2.687070938459056431e-05
3.283995885491793878e-05
1.603591910593173478e-04
7.464328868365630596e-04
1.549956075948666205e-04
3.881353602080227076e-05
1.603449149894163280e-04
5.971450475128856100e-05
7.762852706611236256e-05
2.687117425784656667e-05
1.791404907128573275e-05
1.194288627271673976e-04
1.283860552001489768e-04
1.015146928869421349e-04
1.224149799357505703e-04
1.549956411012541721e-04
2.722988708573004062e-03
4.179955496019799869e-05
5.672816759242627467e-05
6.568572348370067500e-05
1.549949324198738557e-04
2.269157065186825934e-04
4.777059431620828519e-05
1.015100800931752922e-04
1.534028637213730888e-04
2.508015777751905246e-04
1.582438542386885706e-04
1.854667089651010521e-04
2.866303819234961503e-04
1.970583809377638731e-04
1.668686197714716406e-04
1.549957928428253846e-04
1.443607353178076808e-04
1.549958129507119319e-04
1.701867588537707421e-04
4.180013166330284562e-05
1.970583797418311159e-04
1.599455462593535478e-04
1.582438149553376386e-04
5.075725676878350387e-05
5.672835954977058166e-05
1.731720521457568980e-04
2.388536182968882960e-05
4.777154946108907535e-05
2.030297022298567261e-04
1.343577978558420914e-04
1.821296640566843193e-04
3.164877051733594915e-04
3.046343667296436391e-04
4.044644467796960257e-04
2.597586518609631186e-04
4.777108331082011649e-05
3.284198577852949030e-05
5.075707179447036137e-05
1.549958180182236633e-04
8.957145959304916498e-05
5.672801937784321193e-05
1.522723608336273360e-04
1.549957734849305945e-04
8.061467275411146366e-05
1.791435753883271695e-04
3.862271338360292821e-04
2.722988708573004062e-03
1.343579381853768947e-04
5.971417453195423513e-05
1.549954507047034873e-04
2.281802694766317920e-04
7.762870704385894938e-05
2.387766561719507105e-05
3.284270868948275065e-05
5.374311366942417122e-05
6.867103555926362993e-05
9.255701933480203097e-05
2.179583338551189273e-04
2.478158543730788746e-04
4.777158675797539854e-05
2.985693256497904253e-05
2.148079669156595644e-04
2.717017163864453972e-04
1.549957018911248680e-04
1.672009063111901572e-04
1.283861641820562157e-04
1.538214378494546131e-04
2.209442486875537221e-04
1.373436171555457463e-04
9.517012021812335074e-05
2.090012813366762593e-04
8.957170447548594894e-05
8.061215304538930254e-05
1.164435034561785441e-04
2.089962847498411203e-05
1.549942535151924410e-04
3.881442182185255817e-05
1.821297147115315523e-04
1.759557403670667178e-04
4.179929221984986416e-05
5.971409312744581621e-05
3.135018357052896847e-04
1.549958180182236633e-04
2.022852958665404606e-04
1.492866095602011361e-04
1.549957154112461698e-04
3.732164724956638503e-04
1.671994638946515161e-04
5.672822718636420661e-05
2.149727232760883686e-04
2.717016205293935004e-04
7.464292753425738874e-05
1.731725165730718630e-04
2.687140568097222122e-05
1.126044776247219669e-04
1.972975845244555630e-04
5.075677371329541778e-05
1.343483314601510558e-04
2.418442677663419334e-04
2.687159348092990792e-04
1.881009602341890288e-04
1.851147483239466490e-04
1.821296933874421938e-04
8.061339977489500035e-05
2.985691553813963486e-05
1.672009366351803294e-04
1.549957523094882812e-04
2.299014176574158610e-04
1.549956535876030681e-04
1.463004776963739990e-04
1.194292707429418034e-04
1.649510472257263271e-04
1.619262435957019401e-04
1.463008963336529758e-04
1.889165004379659066e-04
2.722988708573004062e-03
1.283863636595879306e-04
2.160603866534778592e-04
1.970583362625804799e-04
1.672009978101819444e-04
1.801227416682220708e-04
2.079645552228564500e-04
7.733048936055065886e-04
2.567728111560899432e-04
2.455896872887409978e-04
1.492865453649625473e-04
2.597584668967849761e-04
2.358728879951637366e-04
1.791412076644167885e-05
2.030297935666881349e-04
5.075705118996766532e-05
4.478546111705268920e-05
5.075646984502208038e-05
1.549941602121664912e-04
8.189428234955497665e-05
2.722988708573004062e-03
1.821297063400021711e-04
2.687159645657279539e-04
2.537871506113937464e-04
2.088953384946626226e-04
1.343575848379191290e-04
1.313720115760448799e-04
8.658588132447340090e-05
2.687101258395235419e-05
1.164432721749432105e-04
1.475042707272089504e-04
3.284085110184314726e-05
2.537872226714104999e-04
1.549957873699127342e-04
1.970580946436212104e-04
1.549958180182236633e-04
1.549955793586912597e-04
3.075305028998101520e-04
1.549958180182236633e-04
1.549957907752806002e-04
1.549954073065330134e-04
1.549944756951767040e-04
1.549954106308207172e-04
2.119870038266359093e-04
1.074846196200770923e-04
2.722988708573004062e-03
5.971340735121850738e-05
2.722982246897582767e-03
5.720319091350480045e-05
2.209441706073329934e-04
2.722988708573004062e-03
4.688706524174046349e-05
9.025347800149002473e-05
3.534270747419531079e-05
6.867067444837779379e-05
1.549957946265895204e-04
2.328690806153988467e-04
1.991476592912253419e-04
1.207557591951825420e-04
2.007605490413092114e-04
1.045004774437853322e-04
2.722988708573004062e-03
5.537231895287628798e-05
2.722988708573004062e-03
1.549957668566252409e-04
1.522721986124418497e-04
2.358728554211983474e-04
1.731725075326309411e-04
1.422093793190884752e-04
5.226896360202536987e-05
1.657840857192139099e-04
2.179585182720057723e-04
9.072059697841861547e-05
2.597587809203518372e-04
7.165739576516926175e-05
3.579066569299505537e-04
8.957160020636463060e-05
1.701865964704248773e-04
2.388560393512921068e-05
3.015590269675294099e-04
3.582816653370976523e-05
1.669871785891969304e-04
1.403286842135382324e-04
1.549951121037047397e-04
1.194291577171601847e-04
1.549952196058986269e-04
1.426144310024551616e-04
1.164432143242293130e-04
2.722988708573004062e-03
2.722988708573004062e-03
2.722988708573004062e-03
5.672854141263152043e-05
1.496775830599522043e-04
1.373432919834530978e-04
1.549951449107756830e-04
2.388485996562421160e-04
1.549958180182236633e-04
1.549958180182236633e-04
1.549958180182236633e-04
2.722988708573004062e-03
1.015142127098007051e-04
9.554234593047526551e-05
4.478527187589467366e-05
4.180005305606090060e-05
3.284304417902927421e-05
5.971164699899397007e-05
8.061354326655712909e-05
9.255699211212902193e-05
1.552578448262148796e-04
2.722988708573004062e-03
1.849231179486436139e-04
1.731721998738588119e-04
3.284275563491140812e-05
3.881401204258407749e-05
7.165678881915442508e-05
7.762716773649604629e-05
1.045001244611882960e-04
1.549944002297920303e-04
1.549944002297920303e-04
3.284185519888724422e-05
1.045006119355466336e-04
1.811618670811571683e-04
2.988311359079178940e-04
3.284276143214482897e-05
8.598775943132827559e-02
8.598775943132827559e-02
8.598681481771594526e-02
1.125791665428305864e-04
1.676196001610128286e-04
1.851154516134944771e-04
1.212492810031221154e-04
5.223095283210718034e-05
1.549958180182236633e-04
4.460937642512600684e-05
5.075157669623632701e-05
1.104710940071570324e-04
1.791263922871249429e-05
2.722988708573004062e-03
2.722988700769036086e-03
2.401083318677608915e-04
1.498368857626293472e-04
1.611934523337083989e-04
1.224148640924324508e-04
1.549958180182236633e-04
1.549958180182236633e-04
2.722988708573004062e-03
1.549958180182236633e-04
1.549958180182236633e-04
1.549958180182236633e-04
1.176849392333543739e-04
1.803572525926367971e-04
7.724547751311486125e-05
4.179957389242182255e-05
2.722988708573004062e-03
2.722988708573004062e-03
1.557175995569980566e-04
1.974497373802886781e-05
1.482283871153306811e-04
1.124801446404339960e-04
7.700376552239445187e-05
1.419053907745628490e-05
2.722988708573004062e-03
6.269857665132764232e-05
1.499348561497894686e-04
3.031226451648649073e-04
1.283859346845850314e-04
1.010147979340313140e-04
1.483099346940208914e-04
1.536806262227143689e-04
1.194283286317011661e-04
1.296950533339853782e-04
7.456079958553670200e-05
4.835394706702374510e-05
8.337554771797578814e-04
1.194288434503527797e-05
3.698171132352475810e-05
7.464055464148506018e-05
2.722988708573004062e-03
4.775824185278700171e-04
1.552203632021511832e-04
1.582437035511597367e-04
2.722988404725000880e-03
2.722988708573004062e-03
1.115111166070037533e-04
2.722988708573004062e-03
2.722988708573004062e-03
1.338499607981619090e-04
2.722988708573004062e-03
8.052289745164910046e-05
2.722988708573004062e-03
2.722988492362548706e-03
8.598797704740453185e-02
1.229390566028016793e-04
2.601298616587107478e-04
2.722988708573004062e-03
1.804169195651005541e-04
1.194291606765870405e-05
3.800832974182756898e-04
2.722988708573004062e-03
1.806932528413513709e-04
2.722988708573004062e-03
2.722988708573004062e-03
2.722988708573004062e-03
2.722988708573004062e-03
2.722988708573004062e-03
2.722988708573004062e-03
2.722988708573004062e-03
1.460620916976712103e-04
2.722988708573004062e-03
2.722988708573004062e-03
1.549958180182236633e-04
2.722988708573004062e-03
2.722988708573004062e-03
6.605930932856123169e-05
2.722988708573004062e-03
1.978213481916206798e-04
2.818407134593095336e-04
8.598911711283170611e-02
1.229687611470241173e-04
1.581381648625061840e-04
1.062366679405032585e-04
2.722988708573004062e-03
2.737790961508951163e-04
1.821852070664796495e-04
2.597538551773306338e-04
6.256779724346849339e-05
1.761580377814655270e-04
2.722988708573004062e-03
3.284275504708004983e-05
2.722988708573004062e-03
3.947241388452289311e-04
2.722988708573004062e-03
2.722988708573004062e-03
2.722988708573004062e-03
2.239297331260822928e-04
1.791435253821214231e-04
2.597583313104411744e-04
4.277096833465872632e-05
4.478151445783770288e-05
1.829552219404770904e-04
6.269893072850720589e-05
4.150167396034202139e-04
2.722988708573004062e-03
7.464299456730254614e-05
2.597424253640850814e-04
2.722988708573004062e-03
3.284171391666023787e-05
2.190745796149102772e-04
1.104694665048199919e-04
1.684532067557437053e-04
8.060783730916007211e-05
5.702748234540283350e-04
1.034052088462775692e-04
7.032645101167164401e-05
1.549958004711197025e-04
1.288383439869676965e-04
1.289291852782562637e-04
2.687065868920322315e-05
1.549942085562283720e-04
2.722988708573004062e-03
2.722988708573004062e-03
1.549958180182236633e-04
1.549958026737981989e-04
1.167226866487317954e-04
2.722988708573004062e-03
1.540341748242745462e-04
3.035440872315638161e-04
3.284297686220346131e-05
4.851674084585918178e-04
1.549958180182236633e-04
1.549958180182236633e-04
6.664696097860963375e-05
8.061444187827707618e-05
3.582823464106740948e-05
1.549958180182236633e-04
2.459568738527084298e-04
2.722988708573004062e-03
2.298904979196309103e-04
1.549956364290083462e-04
2.000440742185858375e-04
2.722988708573004062e-03
7.464217395472315202e-05
2.060155807586374276e-04
1.549958180182236633e-04
1.742128225646477483e-04
2.722988708573004062e-03
1.549958180182236633e-04
1.549958180182236633e-04
1.164399953394286088e-04
2.722988708573004062e-03
3.113757604302465690e-04
4.777025785369950453e-05
1.729179007220952419e-04
2.722988708573004062e-03
1.771011905141351046e-04
1.890654152755609344e-04
1.821296951509362755e-04
1.549958180182236633e-04
1.549958180182236633e-04
1.549946393555355151e-04
1.880743839980977665e-04
2.746863921311821317e-04
8.658341259491925677e-05
2.722988708573004062e-03
1.205329509954235136e-04
6.865783124530075844e-05
7.464089525935345708e-05
1.552535439073899108e-04
2.537828183145361184e-04
1.699498431279569861e-04
1.045002188182567193e-04
1.887398577739217128e-04
1.761519656862109700e-04
1.462977361725284399e-04
2.059938162011609025e-04
1.388109787598998228e-04
2.030298393567241230e-04
5.344459383066151687e-04
1.970582519594553438e-04
3.284285589056346169e-05
5.374205376894090707e-05
1.970560081058016797e-04
1.194289186319568081e-04
6.844531760128152315e-05
5.672436138436636876e-05
2.627444033978998590e-04
2.006422235181074595e-04
1.424009032084453915e-04
5.672872437007500012e-05
8.694895892883191060e-05
2.567730247415743114e-04
2.722988688299578762e-03
1.761582511439793274e-04
1.549958022075871176e-04
1.821723892334344951e-04
1.940723880048383497e-04
2.328855355907315456e-04
1.549958180182236633e-04
1.549958180182236633e-04
1.549958180182236633e-04
1.225665480418441705e-04
2.722988708573004062e-03
1.549958180182236633e-04
2.722988708573004062e-03
3.510429176497302148e-04
1.549956837088926995e-04
2.722988708573004062e-03
2.030295086914487158e-04
2.349021976216639283e-04
1.576712768447412932e-04
1.172461718703738038e-04
2.722988708573004062e-03
6.542140530858036782e-05
1.182346185009605101e-04
1.119447637580824783e-04
2.722988708573004062e-03
1.549958180182236633e-04
1.549958180182236633e-04
1.549958180182236633e-04
1.549958180182236633e-04
1.549958180182236633e-04
1.549957646877302131e-04
1.549958180182236633e-04
1.549958180182236633e-04
1.549958094642638767e-04
1.549958180182236633e-04
1.549958180182236633e-04
1.549958180182236633e-04
1.549958180182236633e-04
1.549958180182236633e-04
1.549958180182236633e-04
1.549958180182236633e-04
1.549958180182236633e-04
1.549958180182236633e-04
1.549958180182236633e-04
1.549958180182236633e-04
1.549958180182236633e-04
1.549958180182236633e-04
1.549958180182236633e-04
2.722988708573004062e-03
1.403292855650201348e-04
2.985690411596819525e-05
1.549955110689031829e-04
1.104708149899612100e-04
7.762815328644721141e-05
2.985683626198613893e-05
1.380691548944058366e-04
2.722988708573004062e-03
2.722988708573004062e-03
3.881351224403723583e-05
5.671866667684532219e-05
1.873800801513300022e-04
1.623798136529957126e-04
3.683339733241355077e-05
1.791437707713094236e-04
1.549942414342444911e-04
4.777040817636743958e-05
1.549863991963327246e-04
1.194255473380237465e-05
5.672667148053335215e-05
5.672784886620854721e-05
6.822294922497069145e-05
1.549958180182236633e-04
2.722988708573004062e-03
4.478472186844161261e-05
1.423497624523972814e-04
2.722988708573004062e-03
1.088582122252682228e-04
2.062089051931191791e-04
9.852186740768189655e-05
3.881391387474686247e-05
1.612289613097536646e-04
1.060644356806436818e-04
1.549954707517798723e-04
1.549957640796288075e-04
1.133785459044476341e-04
4.777103066950826792e-05
2.722988708573004062e-03
2.722988708573004062e-03
1.666536337449644708e-04
1.549951554512000648e-04
1.549958180182236633e-04
1.194292203313351109e-04
1.552579482845343464e-04
9.852582217491564229e-05
5.374015856009423038e-05
8.292569132484911565e-05
7.165726129367801440e-05
1.433150055516289054e-04
2.722988708573004062e-03
1.015142638409940600e-04
9.255617174279018192e-05
1.549951689814564073e-04
6.269919764448501074e-05
8.598603620118291935e-02
2.722988708573004062e-03
2.663198000043083460e-04
2.371267617217477088e-04
1.549957912178433076e-04
2.722988708573004062e-03
1.254005862986113707e-04
2.387311257952654550e-05
9.023715385160328839e-05
1.701867132056250512e-04
1.127927061003699058e-04
2.722988708573004062e-03
1.102413131975493472e-04
1.549955678047645262e-04
2.896116029022464673e-04
2.722988708573004062e-03
2.722988708573004062e-03
2.722988708573004062e-03
1.549957921739138439e-04
1.549958180182236633e-04
8.778005118325650242e-05
1.549958180182236633e-04
8.867591199960281811e-05
1.621255762012726188e-04
2.322152178479042651e-04
6.269982538756798947e-05
1.343577958085673881e-04
1.970582302907751744e-04
3.582746752114182365e-05
1.549745067598063157e-04
2.722988358549833891e-03
1.405978077713883616e-04
1.940725993606175551e-04
1.015147662442419295e-04
1.735555901029866991e-04
4.777156865682350063e-05
7.934254003370071434e-05
7.165631212846106405e-05
1.366680472893243661e-04
2.722988708573004062e-03
2.470891180082741378e-04
1.492864160217931800e-04
2.722988708573004062e-03
9.575103710957570550e-05
1.549958091399431198e-04
2.722988708573004062e-03
1.549958115723487964e-04
1.549957515121997223e-04
1.628603930526740899e-04
2.722988708573004062e-03
8.359999387687202068e-05
5.971351348518416424e-05
4.777158430529972205e-05
9.538209676763120988e-05
1.515655212238171620e-04
2.722988708573004062e-03
5.386161911364089271e-05
2.722980216682821704e-03
5.075598705304459570e-05
2.722988708573004062e-03
2.722988708573004062e-03
1.549957814307889755e-04
1.525228173239673096e-04
1.047787330084225743e-04
1.549957537621749393e-04
1.164432582696910303e-04
1.851154377690524455e-04
2.722988708573004062e-03
4.478510971551932925e-05
2.722988708573004062e-03
1.224138057122026938e-04
7.194142337811065412e-05
2.722988708573004062e-03
2.009982222795178195e-04
2.722988708573004062e-03
1.549658848750800201e-04
1.549958180182236633e-04
2.722988708573004062e-03
1.549957922549940331e-04
1.492866388098788486e-04
1.731725161271308359e-04
6.617184473964871495e-05
1.549956273581623567e-04
8.061438315595115126e-05
8.837770369929926319e-04
1.791404607131878918e-05
2.722988708573004062e-03
2.390690726641425635e-04
2.722988708573004062e-03
2.722988708573004062e-03
1.361635729031081905e-04
2.722988708573004062e-03
2.722988708573004062e-03
2.722988708573004062e-03
2.353743337830711151e-04
2.722988708573004062e-03
1.142124364010470370e-04
1.549957794848645155e-04
1.134525290376027853e-04
4.180023305407752794e-05
1.549958180182236633e-04
1.549958180182236633e-04
1.549957210260491716e-04
1.549957843699457873e-04
2.087337447129973328e-04
2.722988708573004062e-03
8.025070642277808825e-05
1.672010277085011706e-04
1.699513186860340775e-04
1.910868450669543541e-04
1.522723182057186733e-04
2.627444987684706204e-04
2.722988708573004062e-03
9.852762712124339033e-05
2.722988708573004062e-03
2.722988670282885590e-03
9.977877059378944104e-05
6.142155096871099683e-05
2.478157940291492059e-04
1.549958180182236633e-04
1.549958180182236633e-04
1.250741963559726621e-04
2.722988708573004062e-03
2.722988708573004062e-03
1.421104574136277602e-04
6.385141045055560838e-04
2.722988708573004062e-03
1.224127297781124450e-04
2.722988700242014951e-03
8.658284158769759416e-05
1.313704855252926433e-04
8.683439753320171262e-05
2.687126450009544122e-05
1.549951777482516939e-04
2.089924458056554197e-05
2.722988708573004062e-03
9.414667183084181594e-05
1.549958180182236633e-04
1.117855133010916825e-04
1.549958180182236633e-04
1.044993553547981759e-04
2.176862275778995075e-04
8.598801753241384904e-02
8.598860281411488393e-02
8.957184916308086190e-05
2.722988394306196606e-03
2.361224319556464227e-04
1.091078953201958545e-04
2.722988577071074490e-03
1.910504553157438843e-04
1.549957010600529488e-04
2.978579003978928052e-04
8.776583703088079421e-04
3.462829491978989399e-04
1.672010093641086779e-04
8.081472353314801595e-05
6.723838676269694318e-04
5.224711496164989648e-05
4.777099886580465601e-05
7.762893293326179466e-05
1.791439856540767922e-04
1.403293279091481489e-04
2.722988708573004062e-03
1.549956609861702058e-04
1.549954621167398965e-04
1.746289865667691925e-04
1.563253546645090430e-04
1.799935357523217206e-04
2.923891287708023931e-04
1.565165036536618438e-04
2.598838235335889030e-04
1.464708613160915275e-04
1.211685290096978798e-04
2.328867726514248482e-04
2.732136334590696647e-04
1.549954616707988693e-04
3.332331907020272483e-04
1.397416827305088759e-04
2.722988708573004062e-03
2.722988673667983348e-03
2.722988708573004062e-03
2.722988708573004062e-03
1.549958180182236633e-04
1.549958180182236633e-04
2.830331803196328949e-05
2.722988708573004062e-03
1.566029701725108120e-04
6.568420570650593672e-05
3.373878311969152519e-04
1.763593717113084991e-04
3.373878532912663944e-04
3.045447341130634871e-04
2.209442171068206034e-04
1.769334093220375494e-04
2.722988708573004062e-03
2.722988708573004062e-03
2.722988708573004062e-03
1.731511929799933909e-04
1.549958180182236633e-04
1.549958180182236633e-04
1.549958180182236633e-04
1.841231527674322887e-04
1.373434215698630056e-04
1.492819367670953951e-04
7.165241634706383787e-05
2.299012300784016364e-04
1.622608868300174701e-04
1.224150121853952297e-04
1.549957412150158810e-04
1.522654118358730824e-04
1.839844715624905185e-04
2.722988554024031484e-03
1.489476435614870288e-04
2.508726680389560212e-05
9.852833116078297550e-05
4.777081623268193320e-05
1.669434701407345205e-04
5.971330683205584562e-05
1.735143209222855646e-04
1.313712284630522685e-04
1.549958079237403086e-04
2.061288710086577524e-04
2.358729197380572066e-04
2.596980723122648384e-04
2.926016359798433051e-04
2.929285226511295945e-04
1.394945079495519841e-04
2.269156391815867332e-04
1.622869892252041494e-04
2.388585973906730037e-04
1.549957309583721479e-04
1.547412960088414224e-04
1.791439583908636750e-04
1.224135622283991265e-04
1.313715602431802165e-04
2.916725913568671020e-04
5.671685258872640893e-05
3.202850912580520733e-04
4.478325494541625384e-05
1.545358372981603542e-04
1.104710570548614931e-04
2.149727109518999324e-04
1.945118180993738030e-04
8.359898112451788705e-05
2.722988708573004062e-03
1.015147820751485699e-04
2.722988708573004062e-03
1.104690959075521931e-04
3.037797674144244401e-04
1.549958180182236633e-04
2.722988708573004062e-03
2.097055064607859602e-04
3.284283420161325853e-05
3.523163974107360258e-04
1.015134832110821926e-04
8.061430134604179979e-05
1.224150431377568616e-04
1.787769039354846347e-04
3.105162460246775656e-04
9.672947353509923907e-04
8.061479729327972123e-05
2.722987312585007855e-03
1.736318073236502787e-04
1.549957601404830857e-04
1.549958180182236633e-04
1.549957781875814608e-04
1.463002586379769804e-04
8.499545775572688706e-05
6.867172695029392709e-05
6.867095006020573669e-05
2.000440970831987640e-04
2.090010583864302393e-04
2.722988708573004062e-03
2.722988708573004062e-03
2.687134122222302414e-05
2.984902201700917902e-05
2.955875317381639585e-04
2.393289871953575203e-04
4.777147375246383398e-05
2.652771515697653257e-04
1.222112320930911645e-04
1.883990930461459663e-04
1.791439715055840307e-04
1.408077605787793826e-04
2.722988708573004062e-03
1.254005612853734705e-04
2.722988708573004062e-03
2.722988708573004062e-03
2.722988708573004062e-03
2.722988708573004062e-03
1.549958180182236633e-04
1.850435902264793145e-04
1.549957309279670803e-04
1.756639769474485050e-04
9.852904363266207699e-05
1.433151537560769411e-04
7.762646221724304172e-05
6.269972440219426680e-05
1.549957754713951897e-04
1.853028099441885498e-04
2.722988674276084591e-03
1.791438817092761901e-04
2.722988708573004062e-03
2.722988524581788135e-03
1.129864025079379690e-04
3.233720785556164863e-04
5.284252115823303745e-05
2.722988708573004062e-03
1.074860840904267678e-04
1.747744625502096322e-04
1.549958180182236633e-04
2.722988573148820476e-03
1.009089888772606388e-04
2.985690850443335211e-05
1.423648185918893901e-04
2.985651481958212340e-05
1.134575813670669767e-04
1.701860970772789818e-04
1.549958180182236633e-04
1.549958180182236633e-04
1.489263066904902139e-04
3.284296642312930245e-05
8.360046598653477206e-05
4.179996202328019469e-05
3.582829018099596170e-05
3.881279350871364581e-05
4.595889095365720802e-05
2.579725706394556724e-03
2.328870512429496976e-04
5.374061412939869925e-05
1.970566458217477563e-04
1.313719952789271447e-04
5.075683401668499184e-05
5.374043246923822676e-05
1.642134452795765518e-04
1.144733896088113995e-04
9.852480319965711472e-05
2.269089125462471750e-04
1.549877613637556093e-04
1.549956214595787061e-04
4.180011076488447381e-05
4.597948717606892125e-04
5.672812766043384248e-05
8.957156226083679365e-05
3.582692738520161724e-05
1.761578697833166875e-04
2.722988708573004062e-03
4.207919297053050955e-04
6.568154073249255170e-05
2.089989575582276498e-05
1.549958180182236633e-04
2.985703634761925943e-05
2.596108437356983495e-05
5.374270334286442008e-05
4.179715516907341120e-05
2.722988708573004062e-03
2.722988708573004062e-03
5.075514235964946385e-05
6.269928292057239041e-05
1.642152831850005946e-04
1.505041250614127309e-04
3.284276120917430862e-05
2.085401895322161535e-04
5.374172841441783957e-05
1.212492040681590222e-04
2.722988708573004062e-03
1.361494354286502031e-03
1.877142839938893712e-04
1.977168186761775926e-04
1.642152145911618150e-04
1.560822814818780494e-04
3.650536990535277406e-04
1.523585741010252171e-04
2.722988538011369801e-03
2.722988708573004062e-03
1.700144355855849241e-04
7.165509043246332053e-05
2.722988708573004062e-03
2.722965445815639981e-03
7.165298966507083905e-05
1.483307996155604355e-04
2.722988708573004062e-03
1.612291423820827517e-04
8.349295592657748465e-05
2.722988708573004062e-03
1.373432402745634049e-04
1.484521082354229107e-04
8.263921530949335794e-05
2.722988708573004062e-03
1.100825140459707414e-04
7.762809194928523156e-05
2.346950676034640206e-04
6.568324881840111897e-05
9.197714984901481940e-05
2.269153465429193928e-04
1.403291897079682652e-04
9.852919669178634402e-05
1.728827832706784494e-04
7.165716930820510548e-05
6.867149593256921525e-05
1.549956673915050187e-04
1.234609270066437702e-04
2.722988618026704437e-03
1.549958180182236633e-04
1.870667464237233681e-04
1.509229445985541093e-04
1.313722378303085496e-04
5.059847547657257618e-05
8.472053963320659792e-05
1.549955958585094544e-04
4.179986890268465701e-05
3.582690541247075859e-05
1.522706584740070410e-04
2.722988665215373642e-03
1.549951840725063176e-04
5.463889357787823442e-04
8.061347041600851031e-05
2.000434722184624484e-04
5.374282739555155588e-05
7.165614117088537217e-05
1.434408779410933281e-04
1.224149736520360277e-04
1.522723671376119327e-04
1.549958068696978488e-04
1.982501207289747987e-04
1.858141694054569679e-04
1.463008321992245492e-04
1.999054631121343392e-04
5.971425234866434880e-05
1.549957889509763834e-04
1.549958098291247146e-04
1.549957941603784391e-04
1.549958179776896809e-04
1.549958090385928765e-04
8.956927436037118249e-05
1.761562466187696890e-04
1.492798041959993762e-05
4.477792951760996510e-05
8.957042046936399557e-05
2.722988708573004062e-03
1.492863267930466605e-05
4.777143911095365356e-05
1.252902213739929367e-04
7.162573275896645252e-05
1.794408973797314265e-04
1.952619042285712097e-04
2.722988708573004062e-03
1.549957137491023314e-04
1.549953984890626592e-04
2.722988708573004062e-03
1.612286757453326779e-04
1.044906304779633864e-04
1.549951100057548876e-04
2.269153384957107685e-04
1.761582090430919352e-04
4.180004744125790549e-05
8.061325224949354598e-05
8.061193666263846041e-05
1.212529064966036624e-04
1.164426456886031376e-04
8.957103744905206533e-05
1.492465207586910392e-04
1.701865310995235854e-04
7.755892087665735039e-05
2.722988708573004062e-03
1.462999462360139308e-04
2.687159749642619843e-04
6.568609950658436296e-05
2.358729251096196408e-04
1.549958180182236633e-04
1.910868715599056873e-04
1.313716958700641264e-04
1.549957931266060605e-04
1.549956085475588099e-04
8.359959431370718528e-05
8.658505907002022250e-05
2.722988708573004062e-03
1.163657770782957143e-04
1.404411311104055110e-04
2.985699921289330791e-05
1.044996153384198973e-04
1.549956938033761626e-04
1.549957582823954002e-04
1.672009231555991358e-04
1.549957236611552536e-04
4.776997139739646344e-05
2.060155181647325962e-04
9.852792683415711149e-05
1.549956499998047697e-04
2.448301153427610301e-04
6.568600760219162971e-05
1.549957938968678445e-04
1.541513047492935309e-04
1.612295530532332935e-04
3.979125804911975718e-05
1.565229405759786514e-04
1.313721136154610760e-04
2.722988708573004062e-03
1.642152235302525207e-04
2.722988708573004062e-03
6.568475539977326793e-05
8.658609349105448488e-05
2.722988708573004062e-03
2.250911502487135530e-04
8.692853516210292454e-05
1.614909475253636722e-04
1.699358763913782155e-04
1.085374843291696869e-04
1.576206397901894945e-04
2.722988708573004062e-03
2.722988708573004062e-03
1.549950015812739327e-04
1.557773382771998540e-04
4.179922861244263357e-05
1.074863327633623504e-04
2.129665953268064136e-04
1.549948169312815335e-04
8.598775943132827559e-02
7.464251921443229370e-05
1.549956160880162719e-04
6.867024752064962499e-05
2.985665399372425746e-05
2.722988708573004062e-03
1.549958180182236633e-04
1.940719638743766413e-04
2.179584452592967750e-04
6.867111120707872262e-05
1.433148002261886616e-04
5.971407030337298429e-05
7.761787694022143384e-05
5.971424314606304845e-05
1.403287349494656818e-04
4.179973664062852526e-05
1.549958180182236633e-04
1.549958180182236633e-04
1.549958180182236633e-04
1.074860314085748314e-04
3.582854955651631812e-05
1.074861318669273513e-04
1.196555574078589297e-04
5.374228144210788132e-05
6.867073083964832605e-05
7.165698458726754412e-05
1.549958180182236633e-04
4.180026285915451351e-04
1.612290794233170281e-04
6.867005994163545460e-05
1.313718084093646232e-04
1.549958180182236633e-04
1.549958180182236633e-04
1.549958180182236633e-04
1.549958180182236633e-04
1.549958180182236633e-04
1.549958180182236633e-04
7.165693831075043417e-05
1.549958180182236633e-04
1.970581095826458100e-04
4.478486375877003812e-05
1.015146083000363500e-04
3.284268550054907402e-05
1.074861093266351816e-04
3.881399406305246342e-05
1.549957822821309487e-04
1.549957666133846732e-04
5.672858547971352156e-05
6.867138900807173382e-05
1.283864182468242730e-04
5.971423171375658519e-05
1.015141567442011595e-04
1.821297091778087396e-04
1.970583632420129213e-04
1.463008660502028847e-04
1.821295504836114437e-04
1.194290253334837759e-04
2.687141662679755593e-05
1.403293891246898449e-04
1.044985295530867259e-04
2.119870466369749775e-04
1.549926134251562748e-04
1.549957492216844242e-04
1.283857996658025000e-04
1.343575963715757271e-04
1.549956889182948366e-04
5.672476372452763752e-05
8.658582918991273496e-05
1.492864268865383187e-04
1.194291614063087265e-04
8.359989453337208229e-05
2.060155466441485246e-04
1.549958149371765271e-04
4.209883223183081809e-04
1.940723661131876668e-04
3.015590351566283856e-04
1.463007212612577556e-04
5.672887530084434076e-05
1.881008720594849455e-04
2.030297773506506160e-04
2.567726798872660616e-04
1.134578137226147836e-04
5.075720441125231757e-05
3.971024681291797148e-04
2.478157093003530696e-04
1.403293409225182613e-04
7.463922393317498313e-05
1.672008846222399609e-04
2.179584514416610744e-04
6.568603371001207085e-05
9.255751422799751965e-05
4.180003363735595496e-05
4.179972626236450154e-05
1.821295585713601491e-04
1.164435729621694185e-04
4.180007794767851698e-05
1.373436756549011441e-04
9.554219141190760606e-05
1.549957714781959451e-04
1.612295759583863282e-04
1.549957584242857246e-04
1.549941522460380561e-04
1.549957659850132135e-04
2.060154777057189340e-04
2.000441035088036310e-04
1.522723767456141792e-04
8.957180211630196790e-05
1.549956950195789738e-04
6.568499474848726633e-05
1.373436355607483470e-04
6.568322109911196112e-05
2.926018231939966105e-04
7.165685696705216393e-05
1.549912820884747245e-04
1.283861385201768288e-04
1.612295396952723972e-04
1.970581877844868090e-04
1.403292069375081357e-04
1.433149887578950485e-04
1.549957737079011081e-04
1.761581934554258490e-04
6.867071385334900960e-05
1.672009394324468169e-04
3.284270611518679033e-05
3.971025089733242418e-04
2.119870513193558169e-04
1.791439914107701185e-04
1.549956896682865937e-04
7.464170354774433361e-05
1.910869161337388643e-04
5.374289187457080027e-05
1.549860475110187430e-04
1.549957082559195998e-04
2.985692030160066009e-05
1.433141212606971117e-04
1.701853310519359436e-04
1.549957034721885442e-04
3.284292310603903806e-05
1.612174521392743560e-04
1.552578118671185984e-04
4.179993544924868586e-05
1.549957252624889568e-04
9.255741861418620409e-05
1.821291994469389217e-04
1.549949523250599163e-04
1.549958180182236633e-04
1.549953956309860095e-04
1.549955655953293902e-04
2.388572208923269249e-05
1.549957784105519744e-04
1.821296460366126106e-04
1.164435947930099528e-04
1.761513400714829244e-04
8.360052322914726403e-05
8.957050031307880588e-05
1.940725406991017788e-04
6.568589309669660523e-05
1.463006020733818781e-04
1.283854588249636031e-04
1.134570108260563953e-04
8.957115815718145677e-05
4.478591421341143427e-05
1.910865113814420001e-04
7.165711784255598027e-05
7.464297291889244437e-05
1.104718860997804170e-04
3.881445735524480646e-05
1.642152593879655056e-04
1.552581063098201015e-04
1.910868671613054966e-04
2.119869752661397916e-04
3.582849288146513713e-05
1.549952137883951113e-04
1.549956462093059846e-04
1.194287391001512484e-04
1.549955830883798825e-04
1.433151473912822093e-04
9.255672339211704080e-05
4.478502707453804505e-05
7.464306370843258262e-05
1.701864539111849111e-04
1.522715811260026177e-04
1.851151064551355787e-04
3.105148051892025465e-04
1.373436380134240235e-04
1.582427664871608310e-04
6.270017687018153863e-05
1.612295129590804964e-04
6.270021011305848210e-05
1.549955646020970926e-04
1.549954931907218257e-04
2.178907414490301457e-04
4.478500341939329395e-05
1.549957023776060033e-04
1.549957749038338652e-04
1.549957813699788403e-04
1.045002537030074606e-04
2.866303202417433459e-04
1.549957516135499656e-04
1.194290769612932660e-04
7.762818239423458595e-05
9.852877667614416397e-05
1.549957535189343716e-04
2.060154599491578471e-04
1.881010896787086394e-04
2.089921944570736809e-05
1.549957902887994920e-04
1.492862389021232022e-04
1.940726023200443939e-04
2.060155594142780693e-04
1.224139340215996824e-04
1.549955989598266175e-04
1.642152245234848183e-04
1.791438364057213373e-04
4.478583244404217063e-05
1.549957898833985459e-04
1.549958028156884690e-04
1.940711645250764569e-04
8.359985934457063819e-05
1.403294075907025808e-04
2.985725607492784592e-05
3.642594314703378349e-04
3.344021185176583350e-04
1.791400922037349316e-05
1.549957670390556734e-04
1.552578781907121069e-04
2.179585020154281452e-04
1.940725697258089506e-04
1.549957931266060605e-04
3.284288449159966037e-05
1.373435543994804822e-04
1.549957309989122560e-04
2.478152439608860232e-04
1.549957660255533217e-04
1.522723200300228901e-04
1.549957912009516004e-04
3.433591454958418864e-04
1.549951534444654426e-04
3.582879423625265477e-04
5.672760355810074951e-05
6.688042257043604229e-04
2.179585200963099891e-04
1.549951429040410337e-04
1.549957178436517922e-04
1.761581574152824316e-04
1.492817481948489745e-05
2.119870207926651581e-04
1.549958104777662013e-04
1.433148618065911955e-04
1.549957403028637726e-04
1.549958180182236633e-04
1.549958180182236633e-04
4.478581349154829946e-05
2.388585850664844590e-04
2.687158608438978451e-05
2.388550925374006100e-05
1.373437009924598012e-04
9.554329568352356737e-05
1.549955476157977897e-04
5.374275537607485628e-05
9.255740821565214662e-05
9.852896249166426625e-05
1.492866236073436543e-04
2.687132012110418267e-05
4.179978814681773830e-05
1.254001603843855265e-04
7.464296620950691512e-05
1.164424117114515734e-04
1.549958180182236633e-04
1.522719080818594019e-04
1.403293619425569170e-04
6.269943338513065659e-05
1.881011852114397522e-04
2.000439896722201608e-04
2.448301152008706787e-04
2.090012612693298202e-04
2.687158357495797760e-04
4.777164821675765544e-05
2.806560948600286365e-04
3.582840373379878995e-05
3.463432100783940125e-04
9.255748264726442809e-05
1.433148884414328530e-04
3.284282597197420850e-05
1.549958113696482827e-04
1.549956466349769848e-04
2.239173735257845937e-04
2.776731625217572106e-04
1.549949154943846608e-04
1.791347674651101902e-05
1.671994141519563644e-04
1.549957367353355282e-04
1.791438211626460348e-04
9.852830099895316821e-05
2.119868089098647364e-04
2.388567611676628533e-05
1.549956864048090250e-04
1.549958180182236633e-04
5.374301122460704936e-05
2.090000486948531810e-05
4.478583544400911080e-05
1.522722938816623679e-04
1.549952488150361770e-04
2.358727447670122296e-04
1.549944002297920303e-04
1.549944002297920303e-04
1.549944002297920303e-04
1.549957396339522319e-04
1.549944002297920303e-04
1.549944002297920303e-04
2.985696029440322743e-05
1.549958180182236633e-04
2.090002037607120906e-04
4.179965174967203084e-05
1.549956915331308915e-04
1.549954207861142341e-04
1.549958180182236633e-04
1.549954207861142341e-04
1.549957542081159664e-04
1.549957826267217326e-04
2.418442983133026463e-04
2.722988708573004062e-03
2.722988708573004062e-03
1.638969283683088408e-04
2.657302421973886555e-04
1.164427798965837226e-04
1.761582134416920717e-04
2.722988708573004062e-03
2.722988708573004062e-03
2.239299674072845598e-04
7.464234890549808848e-05
2.866303758019419861e-04
2.985706282030053512e-05
2.687077122850370985e-05
1.194280430267401119e-04
1.463007572608610919e-04
4.777070394675703104e-05
1.609226990756247285e-04
5.075660522866543614e-05
9.255252422892759222e-05
6.567951616020643337e-05
1.224121866827452643e-04
1.549952574703462069e-04
6.865192291175521515e-05
2.333291655874413840e-04
5.672350130600561691e-05
3.582511966187743583e-05
1.433151485669449394e-04
2.308618989001741688e-04
1.549957058445948250e-04
1.573889624817324481e-04
3.284297679936632754e-04
2.239177594357667322e-04
4.478554680867603523e-05
2.042500400031067073e-04
1.910868301481998357e-04
9.149616672273199413e-05
1.901467851747033094e-04
2.078952190751673639e-04
7.841675560516627515e-05
2.895984081152055988e-04
1.522722902938640694e-04
1.350468828449342777e-04
5.672700542955631440e-05
7.762589252757442007e-05
1.159745423172740532e-04
6.269898304549829081e-05
8.061264719872808830e-05
1.044989692712144935e-04
1.821268932831610478e-04
1.940717898154837727e-04
1.247213755984733039e-04
2.507858881913152603e-04
1.672005334234070604e-04
7.342372918918776904e-05
8.825042343726321613e-05
7.165725308430901167e-05
2.722988708573004062e-03
2.722988708573004062e-03
8.957094706491285964e-05
9.260798485438163018e-05
1.522718945009279650e-04
5.374166598267333234e-05
1.841049177431146691e-04
2.149727830119166317e-04
4.747298022219507757e-04
1.463200886777873033e-04
4.177948728942909113e-05
2.717006748911647541e-04
7.165319702765081335e-05
1.104652934899910520e-04
7.909369773753881737e-05
1.821296579959402902e-04
1.103318864346683958e-04
4.671109348213438339e-04
6.269099007951766344e-05
1.253757124780980562e-04
1.368908556935775444e-04
4.179937956348202829e-05
5.971155219598453995e-05
2.722988708573004062e-03
1.635186143593088436e-04
1.549954805016724973e-04
4.777160240645161995e-05
1.549951777583867074e-04
1.672010313368395230e-04
7.464307702585341138e-05
2.722988440866494324e-03
1.074862140079141533e-04
1.015146800560024279e-04
1.549958121196400669e-04
7.165672659011039091e-05
1.831926438787572680e-04
2.429083705952436332e-04
2.722988708573004062e-03
1.898208266337254413e-04
1.580512079559850415e-04
1.224150018476713073e-04
1.951078622243217263e-04
1.582428227568110930e-04
1.549958000184220087e-04
3.523164560317117210e-04
3.881452959769202235e-04
7.163086642911410023e-05
8.658431838223580080e-05
2.000435372245029024e-04
3.851595697370018695e-04
1.549957117018275739e-04
1.044899088421220390e-04
6.165985918557800372e-05
7.464241908040051719e-05
1.549957930860659523e-04
1.791439151345835526e-04
1.466816651902787141e-04
1.549957402420536375e-04
2.160758686307018251e-04
2.722988708573004062e-03
1.718400363333933605e-04
2.116565006877241175e-04
3.582820058738858736e-05
2.722988705410876818e-03
2.722988708573004062e-03
1.350860668178066051e-04
3.015576119560942374e-04
8.359927913474766168e-05
8.024710846458948889e-05
2.388324233277301425e-05
1.549954591573130306e-04
1.736153710362669882e-04
2.687137474888062649e-05
1.612291627129398125e-04
2.661970222566120529e-04
2.067534333746299960e-04
5.672355406218106236e-05
2.160621338541398684e-04
1.582388833948129739e-04
2.896054694900999709e-04
1.211568516187484925e-04
3.881399935353470841e-05
2.448300427962630870e-04
3.642593943558819578e-04
5.374234050902460365e-05
2.119865614734020326e-04
4.478574920171616100e-05
8.061397059968624398e-05
1.104623773194212592e-04
1.087706309990419345e-04
1.791435803747587117e-04
4.478353759095046933e-05
2.448271573348143721e-04
2.141241359065311446e-04
1.829924827320048540e-04
1.540755205361794724e-04
1.580119514157947555e-04
1.536209624910699816e-04
5.971204456555918318e-05
1.486111006504514784e-04
1.522723746375292866e-04
9.255562633663777104e-05
7.464280710990865958e-05
1.848000934920860814e-04
5.075743756746698283e-05
2.423386945447714234e-04
1.680246246210147579e-04
1.761577772910925485e-04
5.075638483244530890e-05
1.307615345573452919e-04
3.881400446158653444e-05
1.582435603027382027e-04
1.224131227484444198e-04
8.061465254487468668e-05
5.672891259975767477e-04
2.179582877610322363e-04
2.722988708573004062e-03
7.464013012589247327e-05
7.470072605432640184e-05
2.099846808223556325e-04
1.701867662320678256e-04
2.722988708573004062e-03
5.672862799613692756e-05
5.971393259880924937e-05
2.151269863581859376e-04
2.070744663939242845e-04
1.761581654827611100e-04
1.761551504957125410e-04
1.421893928289414441e-04
1.549956616145416383e-04
1.549956764319459406e-04
1.698417438974144278e-04
2.092443009805658059e-04
1.851153278243179495e-04
1.612295564788712948e-04
1.582950242222213439e-04
7.886823720261711764e-05
7.115676589009359548e-05
1.379068117326803170e-04
4.776975896730477128e-05
7.583853478733934594e-05
7.464229324394924564e-05
1.418053188572814547e-04
1.687513812413417432e-04
1.549958078527951329e-04
2.358728826641413564e-04
7.164943360965992834e-05
4.041012129948391316e-05
2.722988693100201769e-03
1.407578725297660568e-04
1.399597884284745997e-04
1.078182516266837669e-04
1.940703554866938369e-04
8.060856917947403126e-05
7.464122663408047256e-05
1.091279941888703762e-04
1.970575914802465839e-04
1.173946884789507921e-04
7.287389319184716329e-05
3.881376213824314992e-05
1.596406865774957127e-04
1.071999303774342073e-04
2.722988708573004062e-03
7.165649212647769140e-05
4.478591051666162560e-05
1.549946606998947921e-04
1.903403963534475911e-04
1.080854677968984192e-04
7.464276713737613277e-05
1.130322259102402603e-04
6.699781243506985765e-05
5.075716697247565647e-05
1.984002682902224471e-04
2.291344454133028446e-04
1.924539517149137546e-04
2.000411939868092595e-04
1.508833304255358760e-04
1.059704097605724003e-04
1.237439976196702204e-04
6.270014728942640268e-05
2.463139202559668189e-04
1.633409286121839112e-04
1.530615567341407938e-04
7.732558346585649014e-05
4.478485599534206933e-05
2.032520301203503445e-04
2.388561563094628213e-05
8.859187342596065913e-05
9.021054287028029629e-05
1.438417779704933587e-04
1.582436160048271401e-04
2.722977265720203342e-03
1.280707779537143456e-04
6.268209846127702147e-05
7.747228560482655180e-05
1.028798510910862131e-04
9.852508677761343849e-05
3.582798763027567204e-05
1.223699331662564730e-04
2.387895498705860421e-04
1.879470026830891243e-04
1.743471124423177888e-04
6.568517811133167857e-05
5.075335969010327049e-05
9.591054861637141580e-05
8.751220713074857284e-05
5.672556921565203339e-05
1.492860771066087161e-04
8.091323213365464060e-04
1.787744118847933142e-04
8.658390184290667600e-05
8.315542181072506042e-05
1.007239351774088235e-04
1.543065701880351026e-04
1.815785793461812195e-04
1.702289506096657697e-04
2.687079931265371242e-05
1.701798356119429056e-04
2.388543961599387571e-05
1.164430062319276628e-04
2.722988708573004062e-03
1.029550095421462541e-04
2.139049611348689897e-04
2.583329562013870107e-04
1.791435995096829882e-04
1.727741172028938706e-04
3.178680327391726602e-04
7.222382516271717010e-05
4.776564157348461343e-05
1.074862874800775381e-04
4.030737904145048384e-04
4.478457588356371955e-05
2.060155703601033973e-04
1.879985832721088460e-04
1.224149227134081188e-04
1.821292038252690583e-04
6.568222699520099585e-05
1.596738925644374679e-04
1.041433016144146053e-04
2.722988677868950613e-03
8.658570531965601813e-05
3.284253086036114429e-05
1.044876699768009979e-04
8.957130513529165422e-05
1.672008127649236397e-04
2.507985032347441793e-04
7.165584050527943445e-05
9.039842723464174554e-05
1.283865009080756249e-04
5.075724465743047283e-05
2.985705536092326913e-05
1.343579200031448076e-04
9.554320150888559015e-05
7.311565033944784225e-05
1.555206681001092815e-04
4.478504837835736295e-05
2.955875837511042999e-04
8.097136885182207268e-05
9.554289328255216346e-05
2.277026453927461999e-04
2.000439442065049024e-04
1.533834516229849320e-04
8.598465192622627151e-02
8.598500760374928886e-02
8.598500760374928886e-02
8.598663377602648594e-02
8.598719340074942319e-02
8.598427581097251027e-02
8.598596798644356221e-02
8.598496495701780928e-02
8.598681481771594526e-02
8.598751656397812804e-02
8.598637796884740780e-02
8.598469036136167920e-02
8.598608329947585172e-02
8.598681481771594526e-02
8.598546947968675747e-02
8.598712163787766705e-02
8.598741803581351484e-02
8.598539046911922445e-02
8.598722097948428844e-02
8.598741803581351484e-02
8.598417850297092324e-02
8.598661248418161540e-02
8.598543631413041455e-02
8.598769440273963671e-02
8.598429624870324028e-02
8.598637796884740780e-02
8.598527808338878031e-02
1.453391057132209178e-04
4.268597247038675817e-05
1.140005825884859910e-04
1.701854514965547133e-04
1.074860814350506318e-04
3.015588844082894436e-04
1.617280547509375964e-04
2.985720048094583196e-05
2.209442227621637134e-04
1.074832151085261935e-04
9.852827389790042945e-05
1.761581414222154263e-04
2.729667030908874059e-04
4.179964758924490108e-05
1.943900969050721698e-04
1.286534023751820862e-04
1.990445949977135342e-04
1.439403893871282617e-04
1.130230577675931503e-04
8.359651223280336447e-05
8.957189059505676757e-05
4.179945281943158640e-05
1.403288055703091376e-04
2.722988708573004062e-03
3.582839059880838693e-05
2.657302517445807397e-04
1.229413618217560695e-04
2.722988708573004062e-03
1.548768793012290500e-04
1.549925346760240596e-04
1.229929852665108652e-04
4.092789186377760987e-04
1.522720214522317909e-04
9.992211073099598344e-05
1.549693558976440646e-04
1.549827573378132178e-04
1.549949245348255828e-04
1.796346998762738192e-04
1.549955559670571168e-04
1.456363916863778708e-04
7.381039572795485351e-05
5.672829428021950593e-05
1.549958180182236633e-04
1.074680512283176847e-04
1.549892189220192825e-04
1.549958063426766324e-04
3.582651432218553412e-05
5.971368699678578269e-05
1.536219873750472003e-04
2.119695823091417451e-04
2.006412150375642175e-04
1.714235807428499429e-04
1.463008426788387959e-04
4.478548643434129221e-05
2.155347732031032961e-04
2.380028261014140981e-04
1.283863448692544379e-04
1.349077792041700739e-04
1.343676297206955201e-04
1.823599022421060797e-04
1.549956695198599383e-04
1.343577616129982145e-04
1.642150198568211017e-04
1.549957115599372496e-04
1.549957910590612760e-04
2.748969503738272211e-04
5.672741496558422741e-05
1.687004079765021714e-04
1.910868753098643642e-04
2.060154533208524935e-04
1.731725094582853741e-04
1.045005299634769037e-04
1.701867912047656177e-04
1.367915965986984614e-04
3.762015721681618609e-04
1.063992928387128960e-04
1.253997461254366863e-04
2.985700776685310806e-05
9.450367328439022172e-05
2.722988315638144498e-03
2.722988708573004062e-03
2.722988272858210389e-03
8.591585910579620710e-05
1.976517860465483488e-04
1.549931742568144341e-04
2.022902273972026468e-04
6.203052706590140046e-04
1.554877344392020246e-04
1.200888763991941487e-04
3.184216501265980568e-04
1.695069807482633766e-04
1.036834872283513636e-04
2.722920550101709612e-03
2.722920251535484483e-03
2.054495213994085297e-04
1.145255466413875022e-04
7.178698819297725867e-04
1.072127805644945535e-04
2.722988708573004062e-03
1.395105902014021526e-04
2.777708500540568130e-04
2.860161888119002989e-04
9.842243109135635185e-05
1.717353748121450336e-04
6.554273632919622799e-05
7.095867414485787820e-05
1.480697310180474136e-04
1.184784347934964130e-04
2.722988708573004062e-03
1.880873214317704725e-04
9.542591360063800126e-05
1.382888312164168244e-04
8.540428427742059790e-05
4.523136001550905728e-05
2.722986180127891492e-03
6.521737459368184765e-05
8.648071926519140503e-05
1.733967508848927616e-04
1.102311807048956361e-04
9.462959367646149806e-05
7.868124145380599264e-05
6.561823527793060932e-05
1.066028275483775419e-04
9.676412684184179593e-05
6.403617530981009335e-05
5.748388939800145285e-05
1.041365212349300756e-04
2.050687635549396353e-04
1.560257221977896466e-04
1.492866458435851212e-04
3.105114466856689448e-04
1.549859566403983613e-04
1.549957046073111662e-04
3.702299681291845897e-04
1.104712855185602987e-04
1.522721263091845014e-04
1.313720361230716989e-04
1.463006671199624403e-04
1.549955600210664965e-04
2.417371554668681184e-04
1.761575908066609732e-04
1.549952670783484533e-04
5.672722619063729312e-05
9.255237796026904366e-05
1.549953032806522491e-04
2.508015120394284218e-04
1.549957659039330514e-04
1.283839261661760670e-04
2.209413848339749872e-04
2.358724139801165792e-04
2.537864238288615321e-04
1.549951591403486066e-04
1.134570502310275976e-04
8.957110523208895270e-05
4.030734468372095891e-04
1.821297223330692035e-04
2.358727703275413732e-04
2.299010971271639979e-04
1.549956846615849974e-04
1.549951603970915260e-04
2.030296087646703978e-04
1.343578799698021456e-04
1.313396449351628213e-04
1.549908221003000312e-04
1.549894717503145017e-04
1.343579954887995354e-04
9.254938324326742751e-05
2.448102475143846212e-04
9.554210862903599749e-05
1.194283463274521315e-04
1.549952717809993468e-04
1.194247143404454794e-04
1.194290420157323896e-04
1.492866082021080006e-04
1.015141170149092139e-04
1.104711615874934467e-04
1.549931897025901147e-04
8.658544517387389123e-05
7.762832606832713366e-05
1.582432899003123291e-04
1.224150308135683440e-04
2.089941111724401214e-04
2.149725796425359155e-04
2.179583536792247987e-04
2.955869097517743196e-04
1.549957115599372496e-04
1.612295617490834315e-04
9.255404999589915296e-05
1.582424138086145247e-04
1.373436009192381463e-04
2.119867634441495051e-04
1.821294744506654455e-04
2.328866766119425731e-04
3.224591836799361533e-04
8.598722097948428844e-02
8.598737716035204093e-02
8.598782297741883185e-02
1.549958180182236633e-04
8.598417850297092324e-02
8.598528153034934451e-02
8.598397061769481875e-02
8.598397061769481875e-02
8.598591601512453608e-02
1.549915010657915810e-04
1.549958154439277165e-04
1.549958180182236633e-04
1.549958068494278218e-04
1.549957449244344769e-04
1.549958180182236633e-04
1.549958180182236633e-04
1.549957857483089769e-04
1.549958180182236633e-04
1.549958017616460363e-04
1.549958180182236633e-04
1.549958141061046079e-04
1.549958170452614198e-04
1.549958180182236633e-04
1.549958180182236633e-04
1.549957905117700055e-04
1.549958180182236633e-04
1.549958180182236633e-04
1.549958180182236633e-04
1.549958180182236633e-04
1.549958180182236633e-04
1.549958180182236633e-04
1.549958180182236633e-04
1.549946366798893250e-04
1.549958180182236633e-04
1.549958180182236633e-04
1.549958180182236633e-04
1.549958180182236633e-04
1.549950261891108868e-04
1.549958180182236633e-04
1.549958180182236633e-04
1.549958180182236633e-04
1.549958180182236633e-04
1.549958180182236633e-04
1.549958180182236633e-04
1.549958180182236633e-04
1.549958180182236633e-04
1.549958180182236633e-04
1.549958180182236633e-04
1.549958180182236633e-04
1.549958180182236633e-04
1.549958180182236633e-04
1.549958180182236633e-04
1.549958180182236633e-04
1.549958180182236633e-04
1.549958180182236633e-04
1.549958180182236633e-04
1.549958180182236633e-04
1.549958180182236633e-04
1.549958180182236633e-04
1.549958180182236633e-04
1.549958180182236633e-04
1.549958180182236633e-04
1.549958180182236633e-04
1.549958180182236633e-04
1.549958180182236633e-04
1.549958180182236633e-04
1.549958180182236633e-04
1.549958180182236633e-04
1.549958180182236633e-04
1.549958180182236633e-04
1.549958180182236633e-04
1.549958180182236633e-04
1.549958180182236633e-04
1.549958180182236633e-04
1.549958180182236633e-04
1.549958180182236633e-04
1.549958180182236633e-04
1.549958180182236633e-04
1.549958180182236633e-04
1.549958180182236633e-04
1.549958180182236633e-04
1.549958180182236633e-04
1.549958180182236633e-04
1.549958180182236633e-04
1.549958180182236633e-04
1.549958180182236633e-04
1.549958180182236633e-04
1.549958180182236633e-04
1.549958180182236633e-04
1.549958180182236633e-04
1.549958180182236633e-04
1.549958180182236633e-04
1.549958180182236633e-04
1.549958180182236633e-04
1.549958180182236633e-04
1.549958180182236633e-04
1.549958180182236633e-04
1.549958180182236633e-04
1.549958180182236633e-04
1.549958180182236633e-04
1.549958180182236633e-04
1.549958180182236633e-04
1.549958180182236633e-04
1.549958180182236633e-04
1.549958180182236633e-04
1.549958180182236633e-04
1.549958180182236633e-04
1.549958180182236633e-04
1.549958180182236633e-04
1.549958180182236633e-04
1.549958180182236633e-04
1.549958180182236633e-04
1.549958180182236633e-04
1.549958180182236633e-04
1.549958180182236633e-04
1.549958180182236633e-04
1.549958180182236633e-04
1.549958180182236633e-04
1.549958180182236633e-04
1.549958180182236633e-04
1.549958180182236633e-04
1.549958180182236633e-04
1.549958180182236633e-04
1.549958180182236633e-04
1.549958180182236633e-04
1.549958180182236633e-04
1.549958180182236633e-04
1.549958180182236633e-04
1.549958180182236633e-04
1.549958180182236633e-04
1.549958180182236633e-04
1.549958180182236633e-04
1.549958180182236633e-04
1.549958180182236633e-04
1.549958180182236633e-04
1.549958180182236633e-04
1.549958180182236633e-04
1.549958180182236633e-04
1.549958180182236633e-04
1.549958180182236633e-04
1.549958180182236633e-04
1.549958180182236633e-04
1.549958180182236633e-04
1.549958180182236633e-04
1.549958180182236633e-04
1.549958180182236633e-04
1.549958180182236633e-04
1.549958180182236633e-04
1.549958180182236633e-04
1.549958180182236633e-04
1.549958180182236633e-04
1.549958180182236633e-04
1.549958180182236633e-04
1.549958180182236633e-04
1.549957748227536760e-04
1.549934859695958618e-04
1.549958040116212533e-04
1.164432811951140919e-04
1.373425788629324825e-04
1.552580323241488608e-04
1.549957910185211678e-04
5.672854514232015681e-05
8.598500760374928886e-02
8.598911711283170611e-02
8.598911711283170611e-02
8.598911711283170611e-02
8.598911711283170611e-02
8.598911711283170611e-02
8.598911711283170611e-02
8.598911711283170611e-02
8.598911711283170611e-02
8.598911711283170611e-02
8.598911711283170611e-02
8.598911711283170611e-02
8.598911711283170611e-02
8.598911711283170611e-02
8.598911711283170611e-02
8.598911711283170611e-02
8.598911711283170611e-02
8.598911711283170611e-02
8.598911711283170611e-02
8.598911711283170611e-02
8.598911711283170611e-02
8.598911711283170611e-02
8.598911711283170611e-02
8.598911711283170611e-02
8.598911711283170611e-02
8.598911711283170611e-02
8.598911711283170611e-02
8.598911711283170611e-02
8.598911711283170611e-02
8.598911711283170611e-02
8.598911711283170611e-02
8.598911711283170611e-02
8.598911711283170611e-02
8.598911711283170611e-02
8.598911711283170611e-02
8.598911711283170611e-02
8.598911711283170611e-02
8.598911711283170611e-02
8.598911711283170611e-02
8.598911711283170611e-02
8.598911711283170611e-02
8.598911711283170611e-02
8.598911711283170611e-02
8.598911711283170611e-02
8.598911711283170611e-02
8.598911711283170611e-02
8.598911711283170611e-02
8.598911711283170611e-02
8.598911711283170611e-02
8.598911711283170611e-02
8.598911711283170611e-02
8.598911711283170611e-02
8.598911711283170611e-02
8.598911711283170611e-02
8.598911711283170611e-02
8.598911711283170611e-02
1.549958180182236633e-04
1.549958180182236633e-04
1.549958180182236633e-04
1.549958180182236633e-04
1.549958180182236633e-04
1.549958180182236633e-04
1.549958180182236633e-04
1.549958180182236633e-04
1.549958180182236633e-04
1.549958180182236633e-04
1.549958180182236633e-04
1.549958180182236633e-04
1.549958180182236633e-04
1.549958180182236633e-04
1.549958180182236633e-04
1.549958180182236633e-04
1.549958180182236633e-04
1.549958180182236633e-04
1.549958180182236633e-04
1.549958180182236633e-04
1.549958180182236633e-04
1.549958180182236633e-04
8.598911711283170611e-02
8.598911711283170611e-02
8.598911711283170611e-02
8.598911711283170611e-02
8.598911711283170611e-02
8.598911711283170611e-02
8.598911711283170611e-02
8.598911711283170611e-02
8.598911711283170611e-02
8.598911711283170611e-02
8.598911711283170611e-02
8.598911711283170611e-02
8.598911711283170611e-02
8.598911711283170611e-02
8.598911711283170611e-02
8.598911711283170611e-02
8.598911711283170611e-02
8.598911711283170611e-02
8.598911711283170611e-02
8.598911711283170611e-02
8.598911711283170611e-02
8.598911711283170611e-02
