1.603766112097260687e-10
2.962670057437219643e-10
1.802108521185377909e-10
5.156902636236365458e-10
1.092677149124672426e-09
2.937129798321369175e-11
2.149233074643112076e-10
1.485701196824600616e-08
4.031833952138793907e-09
3.131316847769039529e-10
4.830352180398127576e-10
1.016867173654865517e-09
9.976917092730971098e-10
7.891312349205954839e-10
1.161372338126491720e-09
4.550625532940966711e-10
1.944404250545048472e-09
1.876155002576419785e-09
1.484230267086963030e-09
0.000000000000000000e+00
3.117735916354793455e-10
3.503880310129968931e-10
6.702088312726321210e-10
9.612731916436690617e-11
1.805655779393888283e-10
0.000000000000000000e+00
1.172757347815038161e-10
0.000000000000000000e+00
0.000000000000000000e+00
4.114819524217338343e-11
3.308071656908546603e-11
0.000000000000000000e+00
2.296393615262487458e-10
5.711896520834915269e-10
4.254682847949963948e-11
6.164121267580864939e-11
2.451594607826054342e-10
1.263188783796297447e-09
3.430908141227568528e-11
1.601658027221911991e-09
3.166318151304421341e-09
5.075011646694374041e-10
1.016948253842329580e-09
2.630768309212818248e-09
6.210742375450184654e-11
2.177003038921429921e-11
5.731558466342706756e-10
6.755175565602819686e-09
1.103582434367209126e-09
1.190459855456919751e-10
4.205742165075250180e-06
4.058894962422700302e-06
4.313944999619019060e-06
4.013501189161068991e-06
3.130572738119843872e-06
3.358589309849341100e-06
3.784686629489133619e-06
0.000000000000000000e+00
2.671389483235155669e-10
1.046135094398800205e-08
5.421568638839975625e-09
2.330649994556834254e-10
8.627945470372398990e-11
1.069771996109100323e-09
1.467551396812791204e-10
5.406224213319530711e-10
4.875351684554629706e-10
5.553992855346866111e-11
3.082263334251493810e-10
2.074233901050557101e-10
1.702683941055867237e-11
2.859292818158822626e-10
7.135056514880506268e-11
0.000000000000000000e+00
1.740115961028520436e-10
1.135933429247271100e-10
1.112825575761514836e-11
1.017860405954827540e-10
2.073220398702664171e-10
1.105822274552589292e-09
1.422754593129543185e-10
3.883740989362785227e-11
6.203242458111039158e-10
5.067086058345646994e-09
2.653693732276341938e-09
5.477777478939723637e-10
3.155370636798645350e-11
6.293849567831499374e-10
6.490063622011550448e-10
3.369185848364299603e-10
9.828945750193891547e-11
8.667472061830782129e-11
1.157419678979633079e-11
1.477078318865963962e-10
3.179437939173167898e-09
3.503880310129976169e-10
1.411606067320956142e-10
1.251878097613395995e-10
2.259704830344144071e-10
1.820088052803076317e-09
8.418150484747606019e-11
3.772255731313434562e-10
0.000000000000000000e+00
2.798888078347200975e-10
2.094909348906239969e-10
2.328825690334272518e-10
1.436011203810441672e-09
2.758685818626463186e-10
4.167521646201379166e-11
7.899034583213997345e-10
6.047771198253084981e-10
2.105044372366925809e-10
4.927749755837934490e-10
2.746875137953274121e-09
5.370751631216233134e-10
6.037433474325244969e-10
2.262137235974224317e-11
1.328661035335235002e-09
6.952626092624514178e-10
1.197412481547535800e-09
8.412373521406571560e-10
2.584430981959801347e-11
1.080596201162955195e-10
9.261384436528873563e-11
0.000000000000000000e+00
3.006047957838277503e-10
6.942491069206340769e-11
6.136756704212060698e-11
6.267498506859254718e-11
3.247464216623695915e-10
1.057893748617571155e-10
1.421842441018260508e-10
4.411268960383812944e-11
1.143838747545942832e-10
2.255042719554173568e-11
2.857063112995879878e-11
0.000000000000000000e+00
5.281022890195486953e-11
8.612742935153986932e-11
1.836466250710255246e-11
1.590752741976336023e-09
4.043874360007698776e-10
6.374929755480556029e-11
2.082240569583411959e-11
1.573766442661636684e-10
3.648608445119722248e-11
1.637211689510857608e-10
8.817470409039316864e-12
5.440480592601707224e-11
9.289762502219201768e-11
0.000000000000000000e+00
2.273623595892689818e-11
2.718213291614187740e-11
3.360098110663705803e-11
8.695850127535327178e-12
8.180990935814836310e-11
9.466111910414174738e-11
5.979663840610837444e-12
1.290188486287605772e-11
8.310719236126281929e-13
8.350245827584674923e-11
4.768933938238625144e-10
4.418870227980355032e-12
1.544577575100679353e-11
2.947264821782061090e-11
3.002602049866392634e-10
3.323747159857269664e-10
2.594566005420490354e-11
6.570873542361609569e-11
2.862130624729270248e-11
6.984044665366658565e-10
9.289762502219201768e-11
7.256676796384497247e-12
1.137737463424938534e-09
2.422067906151973355e-10
2.821752691269943398e-09
1.741197030196770809e-10
2.344332276226030468e-10
1.060366694337433696e-09
7.370189059141833783e-11
6.086436312754966004e-10
4.234210100561435640e-10
1.123568700629725779e-10
0.000000000000000000e+00
2.184928627268340789e-09
9.670738034044658172e-09
9.153953187846757676e-11
5.655343089935556915e-11
3.576852479032356668e-10
5.487101700519679377e-11
1.353633733139414996e-10
1.621603753388567114e-10
6.786411707922667781e-11
0.000000000000000000e+00
3.526988163615726745e-11
1.109785068723913883e-10
4.726366839712215667e-10
3.192126988539378071e-10
4.958256176450536704e-10
2.584430981959804449e-10
3.212903786631667056e-10
5.400751300651839818e-10
1.911647854724613551e-09
5.668721320900997105e-10
1.986667298367688405e-10
3.323476892563684476e-10
1.750521251782796375e-10
4.033333935612698389e-10
3.042534042292513328e-10
1.839810808451612417e-10
1.157825079917991246e-10
5.032039147236729844e-11
1.429849109546556696e-10
1.107251312859198115e-11
4.164075738229466638e-10
3.788471768849308609e-11
9.768743710870701997e-10
3.749958679708389140e-12
6.780330693856576492e-12
4.611435673693991587e-12
9.289762502219201768e-11
7.520187406350340084e-12
7.735049903653794440e-11
9.324221581968186976e-12
1.305391021478191119e-11
3.506312715760049177e-10
1.479713424963191393e-12
3.318206680369238518e-11
1.364174157534402200e-11
1.564847622015987606e-11
4.974269513513218550e-11
1.933965176380595156e-10
2.176597637981054984e-10
2.725510508504426152e-10
1.190459855456920268e-10
2.859292818158822626e-10
1.543158671818491068e-10
7.422891181147186786e-11
4.236439805742596749e-12
0.000000000000000000e+00
3.775296238351016258e-10
5.277104014458151931e-10
7.995722707030948771e-10
1.838493255399963915e-11
9.077602677812030323e-12
1.101879750426153988e-10
9.303939373027114926e-08
6.680399362565304888e-10
7.981736374657992526e-10
4.956026471287609596e-11
0.000000000000000000e+00
1.474118892015835317e-09
1.143838747545033269e-09
7.858170168630496099e-10
5.100078938053529934e-10
9.405301769631815257e-12
2.336122907221467939e-11
1.763494081807863373e-11
2.020720977188803061e-10
1.417788431632771561e-09
0.000000000000000000e+00
1.115764732583770153e-10
5.616221899387132635e-10
8.063424663714564331e-11
3.535096182380629180e-10
4.848595222623736272e-11
3.696445755846650998e-10
2.261123733629367074e-11
1.954032522828751693e-11
2.174976034231725452e-11
4.520220462562953133e-12
7.801941058480983113e-11
2.941859475928646439e-11
7.236406749487436404e-12
4.801646560749413487e-06
1.067032569055424960e-06
2.292686331909827049e-06
1.096477782921673431e-09
2.730780720704962357e-10
1.530793943194870882e-10
7.412350756718727977e-10
4.507794923804646384e-09
2.939156803011075905e-12
4.662110790988331981e-12
2.606728033570892554e-11
9.063954179533802787e-10
5.615613797979632219e-10
9.186182562445309304e-10
3.293882624068445104e-11
8.853956493504692162e-11
1.569752973372007741e-10
2.186550231019498919e-09
8.440244835928054807e-10
1.630400953746636176e-09
2.651585647394888753e-09
1.070663878175491930e-10
5.499263728670070268e-11
6.135743201876316982e-11
3.536717786136053287e-10
1.259378014973822780e-10
4.084819854778672254e-10
2.182070550651780725e-11
7.601064893541996771e-10
1.064076112923301600e-10
1.351606728449709946e-10
4.812109138172528703e-11
4.852446531542065645e-10
2.337845861210454657e-10
0.000000000000000000e+00
2.336731008632030216e-10
1.360728249559464776e-10
5.342677616236724171e-10
3.568947160734604657e-10
4.484646530213920143e-10
2.687605520771046260e-10
2.786928750663943060e-10
2.608248287089695292e-09
5.384839313822750697e-10
3.084452499318558276e-09
1.448902953652902729e-10
1.877006344546944421e-11
2.302677329810917886e-10
5.369535428401172331e-10
1.058299149551865022e-10
7.921534335313532543e-11
3.146874108798972647e-10
1.019927950737354155e-09
8.943144699947045906e-11
3.548677113819293109e-10
1.830273751375999733e-09
4.295243211831528606e-09
2.622944071100696259e-11
4.655016274561164086e-11
3.878673477629400350e-10
5.525209388726293605e-10
2.208624312112471052e-10
1.649799388646519314e-09
6.241147445826192900e-11
1.489970068705389835e-09
3.928132392111749976e-10
4.302925559611182946e-10
2.900177502789048544e-09
5.763450006821238175e-11
2.035112710500104097e-11
7.110732458579703808e-11
4.459342754982480520e-10
2.693889235313431485e-11
1.572955640786971175e-11
3.297936633447852103e-11
8.493149658382280190e-12
1.685606426527004808e-09
2.132854876735482450e-09
9.289762502219201768e-11
4.195899711887668403e-12
7.526065719915861883e-10
1.141041481070440159e-09
3.794350082457361257e-10
1.131332128595011227e-09
0.000000000000000000e+00
2.127908985289683069e-09
3.908065045663582518e-11
1.305391021478188631e-10
4.671232312088958776e-10
8.639296696635970310e-10
4.836230494006181774e-10
2.194313658990858484e-09
3.393205853961333244e-11
1.874168537976494084e-10
1.403518318600940927e-09
5.432575274316113347e-10
3.417367749882344171e-09
9.424254263502534542e-10
1.543969473693159614e-10
1.236067461020918420e-10
2.075652804332742672e-11
5.443723800118613633e-10
5.011870450545890319e-10
4.044887862355582143e-11
7.254852492161945464e-10
3.088648399027411465e-10
3.183410868366955317e-11
6.611413636201692770e-11
2.283218084770276176e-10
6.733709585917340628e-10
4.453329307737108306e-11
1.662143847219173862e-11
8.574229846031343954e-12
7.880994241458591111e-11
1.487821443734174840e-11
4.755353006806033884e-11
7.485525626121719518e-10
9.934349994162030062e-11
3.096249666609281242e-11
0.000000000000000000e+00
1.647954814379072040e-11
6.668845435822414704e-12
1.656974985258299496e-10
1.909661390130773107e-09
4.589949423960612176e-10
4.220629169128846835e-10
1.021042803321865197e-09
5.787909196774905382e-10
2.671186782768014422e-10
3.110033298524185275e-10
1.330323179186511670e-10
2.166868015460737360e-11
4.830352180398129902e-11
9.020170878192369990e-11
0.000000000000000000e+00
0.000000000000000000e+00
1.412173628638699078e-09
0.000000000000000000e+00
1.121338995466794922e-10
3.428759516256360034e-09
7.342621795354507129e-10
3.941510623077181507e-10
9.948539027026457780e-11
3.828809162207292294e-10
6.154188944550835735e-10
3.967152232423563097e-10
6.616852765449055436e-10
2.621119766878139564e-10
0.000000000000000000e+00
6.626075636786306282e-10
6.909896833763321926e-09
6.958707106699719447e-11
2.497229240121446652e-10
5.597370755754027272e-10
2.320244703804575860e-10
2.554188071959951451e-10
0.000000000000000000e+00
1.242351175563079659e-11
0.000000000000000000e+00
0.000000000000000000e+00
7.949912400975481991e-11
0.000000000000000000e+00
1.533834450232468087e-10
1.989099703997767358e-10
1.417788431632771561e-09
3.961598239570233005e-09
1.512713061346634553e-09
1.952005518139042378e-11
2.108692980812046695e-10
5.080889960296362937e-10
2.966859200466443356e-11
1.396606232606185484e-11
5.097916799719074360e-12
1.554712598558332348e-11
1.508537431679637354e-09
3.472259036942586653e-11
5.553992855346880005e-12
1.305593721945340218e-10
2.976656389810170589e-11
2.847941591883087357e-11
2.304704334500628623e-11
5.343184367410674384e-11
9.180304248879818201e-11
7.179245217180556955e-10
0.000000000000000000e+00
4.428194449560299076e-10
1.549104552246900124e-10
6.570873542361609569e-11
1.644306205933951412e-10
8.310719236126286614e-11
1.088501519460714637e-11
1.417889781867361529e-11
2.778009930018287002e-10
5.596154552938987149e-10
9.058278566417204810e-10
1.083636708200554727e-10
2.833144457635458946e-10
4.174818863091620680e-10
0.000000000000000000e+00
4.173602660276584951e-11
5.212645265261042988e-10
2.330447294083604441e-10
8.029573685342383901e-10
1.043299314837092005e-10
3.423610924337337354e-10
1.446470548021910775e-10
1.902952004597077447e-10
2.764834399523033764e-11
2.509837209301992604e-10
1.713427065924082962e-09
4.941330687273559047e-10
1.180527532463377225e-10
8.150585865438824186e-11
5.574262902268252526e-11
3.912119055043007126e-12
1.607414720542382219e-11
3.587798304367716742e-12
2.551390805486574710e-10
3.588811806715618720e-10
1.043907416243700568e-12
1.225932437560224566e-10
3.809958018579652010e-10
3.099695574596341645e-10
1.142075253463220955e-09
1.892208879734945894e-10
4.176845867787418949e-10
3.280707093570147195e-10
0.000000000000000000e+00
3.989145233330881090e-11
6.060744028284224680e-12
9.013414195913609495e-12
0.000000000000000000e+00
5.567168385836037375e-11
1.135629378545132343e-10
2.008153548098031288e-10
4.161440632126174674e-11
1.382113149056247376e-10
0.000000000000000000e+00
1.093366330720874806e-10
9.202601300448340302e-12
0.000000000000000000e+00
5.572235897572476358e-11
1.429585598938658066e-09
5.471899165331665302e-10
2.067950186508211620e-10
2.791185460516579613e-11
1.418903284211195782e-11
2.492202268486953294e-11
2.839833573118177103e-11
8.178963931152491809e-12
5.546067267004226545e-09
0.000000000000000000e+00
1.353228332201478239e-11
2.588484991342249527e-11
7.597213584595674184e-11
1.106318890701043819e-09
0.000000000000000000e+00
1.951600117198672029e-10
5.845205862720454382e-11
2.230475422687324318e-09
4.787109413649924768e-11
0.000000000000000000e+00
1.068231472542370535e-11
0.000000000000000000e+00
3.438813459525332688e-11
1.056069444395010970e-10
1.871867887650365324e-09
4.141373285678019881e-10
3.472259036938931548e-11
0.000000000000000000e+00
6.099257117425128801e-11
1.946532605471368480e-10
3.087533546445951788e-10
3.010777635453663076e-11
1.517375172139648008e-09
1.533733100001020992e-10
1.669238363642268248e-10
1.361235000733414731e-09
7.457958362273579837e-10
2.243691493281484585e-10
5.453048021698571312e-10
1.877006344546950560e-10
1.077880014874003403e-09
1.089717722275755471e-10
2.166057213586071399e-10
3.892051708594860832e-10
4.047522968452807772e-10
2.975237486527980559e-10
4.329479321074924406e-10
5.558046864732360642e-11
5.055207810854115603e-09
1.430051810019784699e-10
2.055382757417439266e-11
0.000000000000000000e+00
6.207904568922290498e-10
5.035890456139873215e-10
0.000000000000000000e+00
1.837689210206317545e-09
2.630241287990946691e-10
0.000000000000000000e+00
7.459377265598350087e-12
5.553992855346880005e-12
7.398567124837307956e-12
1.849641781205507903e-11
4.420897232670054719e-10
1.959647325828908102e-09
1.732278209557202026e-10
8.164369497362878775e-10
5.928988723319534839e-11
7.365526948330568743e-10
2.679700202473288563e-10
6.603981285666685255e-10
3.111087340967941107e-09
1.169987108068387953e-10
1.876013112243939187e-09
7.269707540855666971e-11
9.449895872860071955e-11
1.830182536167911768e-10
5.168456562979239389e-10
1.453362363972688219e-11
1.186811247011801450e-10
1.786804635762791740e-11
9.983808908662599893e-10
0.000000000000000000e+00
1.727210697823814305e-10
2.815955457847536567e-09
4.662110790988331981e-12
6.358713717987252314e-11
8.701525740651897819e-10
4.797920105332431082e-11
4.140157082862985962e-10
1.443774631778761348e-09
2.166868015463777572e-11
1.683832797422749724e-10
6.563846592770379806e-10
7.433026204565284715e-11
9.557327121511790248e-12
2.284434287585319078e-11
4.146744848112124125e-10
1.910654622427692605e-10
1.505152333848495392e-09
2.876116957102235864e-10
2.028220894549226486e-10
3.046588051674959569e-11
0.000000000000000000e+00
3.345976644641925719e-10
2.264164240663926524e-11
3.193343191354417677e-10
1.851545138611045199e-08
6.138581008465015893e-10
3.559470913802773477e-09
2.714726843546434490e-09
1.717785126010294274e-10
1.677346382407175206e-10
1.475517525251305251e-09
2.591120097442517371e-10
0.000000000000000000e+00
1.258499646274743762e-09
2.094868808810377068e-09
3.303308195884998949e-10
1.663562750507446447e-10
1.283904771741767263e-10
7.627010553564140397e-10
1.127663250105000047e-09
2.898008607772943086e-10
1.443430040985222589e-09
3.992996542243157957e-10
3.052263664812831727e-10
3.443137736200355602e-10
8.774903310512919213e-10
9.806648698625373000e-11
1.740115961028520436e-10
0.000000000000000000e+00
8.811592095413003105e-10
6.500806746837195322e-10
4.556706547014144869e-10
3.073141813138693921e-10
7.487958031731524533e-10
4.110968215305068585e-10
3.330368708519631994e-11
1.300526210218032792e-10
1.237283663835957509e-10
2.923143465948415127e-10
1.613901135557956350e-10
2.605714531222997813e-10
6.317970923683411294e-10
2.509634508834843086e-10
6.330335652282719867e-11
5.999933887641673748e-12
3.437799957177434588e-11
4.226912883671198520e-10
5.412102526927582712e-11
1.312404457709564131e-09
3.476313046324428664e-11
3.152194996116288477e-10
9.344491628910199915e-11
6.570873542361609569e-11
4.208061740042125404e-11
5.434399578538661641e-11
1.096538593065464333e-08
1.097420340106367269e-10
1.451538059750125256e-10
6.729655576574425219e-11
7.981533674148286633e-10
8.854159193939401208e-10
9.903944923828575089e-11
7.722279774095892277e-10
9.238783334217074881e-10
2.532803172461353707e-09
1.419714086091945980e-10
3.735093978634334367e-11
1.662819515452624365e-11
4.460221123691705063e-10
1.077352993658210377e-11
0.000000000000000000e+00
0.000000000000000000e+00
8.602202510777231047e-10
4.529950085083271985e-10
0.000000000000000000e+00
9.289762502219201768e-11
6.472901648948121265e-11
1.289377684409447558e-10
1.448902953652902729e-10
8.411055968367053596e-10
2.277137070695077887e-10
6.812762768894947333e-11
6.867694596063200043e-10
3.947591637150864634e-12
1.912884327590622040e-10
7.058233037084083323e-10
1.515713028288374286e-09
3.362800783585334692e-11
9.080981018944352232e-12
1.012488843521781636e-11
2.801320483977272820e-11
4.701637382477131747e-10
1.242148475096115933e-10
1.236675562428438740e-10
2.462202599048287593e-10
4.039617650155049557e-10
6.794519726669342902e-11
6.208715370778732120e-11
8.385718409700143946e-11
4.991499053393953136e-11
1.619475398459207268e-10
2.464837705148560219e-11
4.283669015037727719e-10
2.096125551721278282e-10
9.997187139628004540e-11
9.141791159696359999e-12
2.821590530892582366e-11
5.665478113393231398e-12
9.633137096972471804e-10
1.133906424557565145e-10
1.796331557813947664e-10
4.086400918438218727e-09
1.954843324709500082e-10
1.409122986574091877e-10
1.037846672214304537e-09
4.001712662421660360e-10
1.040603398593036453e-09
1.016340152432987110e-10
2.025922067050473005e-08
5.763179739533726174e-10
6.510333668908616460e-10
4.257115253580050010e-10
7.199920665036247577e-11
5.667505118085962669e-11
1.775149358787353503e-11
8.318827254872938471e-11
2.188151564726983925e-11
0.000000000000000000e+00
3.666243385937792270e-10
7.917480325909776708e-11
7.084091825513231604e-11
4.521233964910855564e-10
2.778091010210022419e-09
3.670094694850066811e-10
2.051734148972323614e-10
1.941870494678354986e-11
5.290482245423591734e-12
1.045934420934320186e-11
3.121587225267070451e-11
4.439140274895657469e-11
6.257566183847468983e-10
0.000000000000000000e+00
6.581684234037334295e-11
1.760281279373490881e-09
4.115833026562184018e-10
1.349985124694292947e-11
1.045326319526799640e-09
7.791400634104248425e-10
2.585647184774844055e-10
8.809362390292645296e-11
9.627461483855887268e-10
6.198580347299778254e-11
5.301022669818573509e-10
6.747898618800019309e-11
1.032154167370940388e-09
7.553835684211640477e-11
2.878346662259077023e-12
3.049020457305039427e-10
2.154705987310339360e-11
8.047208626160442162e-11
1.585928470812035071e-10
8.938009621375041766e-10
1.460963631566688019e-11
4.008401777901341148e-11
2.783077441742146442e-11
1.023637369323227687e-11
1.613698435090806056e-10
1.520253518830326913e-12
0.000000000000000000e+00
1.297283002719391622e-12
3.046182650734591223e-10
1.619306481403250025e-10
1.316336846811119604e-11
1.103906755115859296e-10
8.864091516969439459e-10
2.859292818158822626e-10
1.041677711081678883e-10
2.990135971009175974e-10
1.499152399958937594e-09
2.925373171111342235e-10
3.265301857915005444e-10
4.181710679047576598e-11
4.049955374082879488e-11
2.357305106251097143e-10
2.491634707175910676e-10
3.800836497466851087e-10
2.008153548098030254e-10
1.668224861294375446e-11
1.463902788368582285e-10
3.561852644311509819e-10
1.005394327100668153e-11
6.374929755501853345e-12
2.044234231616246700e-11
6.140202612177881558e-10
4.526301476638153425e-11
4.480491170607018680e-10
2.639160108636595252e-11
6.930329041055998992e-11
6.859248743186384545e-10
1.903357405537454711e-10
3.525062509159589087e-10
6.627494540111061604e-10
3.505157323085755063e-09
2.007748147160696433e-11
3.330774109453923147e-10
7.038976492492349473e-10
3.492569623950097235e-09
7.447215237417551585e-11
7.685996390093598772e-10
6.876816117194246503e-10
9.981376503032509307e-10
1.376559156202913458e-09
1.982410588515043838e-11
8.112072776316162790e-11
1.308836929450083840e-10
5.289468743087855773e-11
1.141203641445774088e-11
1.224310833804808569e-11
0.000000000000000000e+00
2.597809212925240116e-10
7.560727500144483418e-11
2.862130624729272381e-10
1.437957128317542139e-10
6.328308647580842079e-10
1.744784828501140930e-09
7.578747571894523856e-09
4.621063945989854118e-10
1.493091655928628618e-10
2.331258095962322553e-10
1.038454773621825840e-09
4.704069788107201653e-10
2.403824863926368924e-10
4.891162321150125456e-10
8.884361563866515812e-10
1.852317427401635028e-09
4.707515696079091692e-10
1.905384410227158404e-11
1.643900804993577832e-11
1.199986777504011601e-11
2.893751897917266385e-10
4.700623880129241272e-11
1.995586119013336707e-11
3.761107205504831880e-11
1.541537068063081178e-10
7.471539293748745178e-11
2.056598960232485075e-11
4.420897232670053685e-11
3.182397366019060528e-12
3.243207506771056987e-13
3.124227436325232787e-06
6.348984095466928228e-10
0.000000000000000000e+00
1.560793612633534773e-10
6.970666434401226517e-10
9.256012874085651980e-10
1.265580649330522909e-09
5.093558739620699130e-10
1.618044333145826499e-08
3.192329689012609952e-10
1.862817311700758298e-10
2.564160935044492771e-11
2.414162587854213848e-11
3.378003318773334291e-11
2.817536521507088481e-11
5.898583652943535899e-10
4.206710403584368619e-11
1.791872147494156164e-11
3.031588216954113366e-10
2.409432910240840973e-11
1.624644260426168326e-11
4.804001119407621680e-12
1.619576748692781187e-11
2.858076615343776606e-12
2.357406456484664923e-11
1.322823261823042411e-10
4.039482516502177186e-10
6.930734441953802303e-10
5.007917791393972099e-10
9.103683471532312680e-10
1.120325493118900957e-10
3.511684278194153938e-10
2.742537347914983738e-10
2.615444153743317764e-10
2.302136795223747253e-10
4.980350527583858040e-11
1.454173165850397184e-09
1.129447014231696710e-10
2.958413347584571974e-10
1.024914382279021141e-09
1.142561734589238659e-09
1.788932990687088401e-10
2.759158786385168197e-10
6.042500986058621057e-11
4.017523299017175497e-11
2.518147928540126015e-10
3.068885103286052068e-11
1.722953987971173875e-11
2.095922851251094045e-11
2.209435113987134154e-12
7.418837171743419318e-12
1.544577575100679353e-11
6.570873542361609569e-11
6.620197323220828362e-11
5.322479250588353510e-06
4.610219470875903045e-10
6.972896139582378418e-12
2.622944071100696259e-11
2.170922024846228983e-11
1.870925330471750591e-11
4.516166453183548396e-11
3.245234511466841475e-11
9.587732191918177671e-12
5.551965850657171013e-11
1.123974101567060117e-11
3.142870774533306677e-11
5.373589437792750776e-11
3.367868295315684203e-11
5.331022339260283332e-12
1.400862942458825882e-10
2.718618692530129830e-10
7.823630008693687883e-10
9.720298298757534087e-10
7.269041525044611738e-10
6.228985417675791670e-11
1.153786273068749841e-09
2.017639930055339595e-09
6.741817604724813524e-11
2.167476116868257680e-10
1.299715408337284830e-09
9.243141394303389009e-12
2.566147399638341202e-09
1.821061015055111879e-10
6.451651883082941897e-10
9.662021913829674726e-10
6.133432416531407537e-10
2.385784522167925903e-11
1.305766017345150778e-09
4.153332613361274437e-11
1.899911497560387555e-10
8.270179142271358106e-11
8.069505677789772701e-11
8.112072776316162790e-11
2.280380278199826162e-11
1.397619734951037072e-11
1.001340317718218035e-11
6.021622837729728539e-10
3.711445590561411866e-11
3.509758623738021062e-10
3.162735420511282143e-10
1.719913480933554439e-10
2.714159282228695471e-11
6.952626092624526586e-11
3.309693260663953392e-10
4.590354824900985821e-10
4.933526719209380244e-10
4.955621070347253012e-10
1.275391352036488728e-10
3.833673973475967577e-10
5.428318564463475243e-11
1.066204467849622720e-10
5.917029395636294501e-10
2.436621799836589605e-09
8.064316545774900045e-10
1.950897422240222688e-09
9.204628305180628416e-10
3.231734660219901874e-09
1.202013782199799401e-11
4.929270009352275882e-11
2.044234231611895601e-11
0.000000000000000000e+00
2.988210316553052404e-10
2.334399953235525763e-10
2.141530456818126243e-09
1.550455888708733099e-10
4.074279430383687603e-12
8.290449189189712711e-12
2.704024258774083010e-11
1.152757568190683950e-10
1.357079641117386881e-10
1.088298818993568673e-10
1.321607059008002902e-11
2.821793231359732983e-10
5.545884836581971044e-11
5.775949869091655738e-10
5.622911014869847754e-11
1.686630063897338854e-09
5.831692498116341798e-11
1.994978017605821816e-10
3.392597752553816284e-10
4.139143580521171645e-11
1.161980439537056272e-10
3.682054022533306244e-11
0.000000000000000000e+00
2.827671544967780396e-12
6.374118953624146461e-10
5.160753945154690178e-11
5.190483347304834718e-11
1.819439411299698887e-10
5.132375879468397710e-11
7.308973517461616385e-10
1.551672091523769668e-11
2.497472480684443406e-10
1.177831616225397471e-09
5.597188325331752021e-09
2.207408109297433320e-11
8.717539077735856431e-10
1.535739834646750143e-09
2.639565509576965536e-10
0.000000000000000000e+00
7.351540616018374084e-10
9.308451485470939095e-10
3.955294254979959202e-10
1.625657762767979218e-11
3.734756144517368393e-11
1.983829491797231154e-10
3.421583919647627651e-11
5.469061358767311868e-10
3.275234180902469226e-10
3.057128476069953675e-09
2.696727041883838911e-10
1.977140376314511252e-10
1.758831971014849491e-10
1.395457596612106612e-10
6.512360673580099238e-10
1.952613619546565735e-10
2.349095737249579414e-10
4.414816218594866640e-11
7.580997547102330403e-11
1.142622544729991259e-10
3.927524290704227847e-10
1.859898424944665828e-09
4.766906933548901999e-10
2.417811196299332407e-10
3.259254627247442813e-11
2.369872535338827270e-09
7.711942050157397145e-10
5.975001729823907101e-09
2.748077827407073368e-10
3.609216987277708387e-10
3.930362097268596273e-10
2.536390970765722691e-10
3.001993948458857579e-11
2.284096453471369728e-11
5.671559127468403740e-11
2.539836878743698388e-11
2.095416100078659446e-11
2.639160108636593442e-10
4.716839917665126047e-10
4.507044932070723434e-10
2.165651812645704992e-10
6.687291178496931615e-10
6.218850394257656259e-11
1.163764203666795512e-09
7.659766949402843188e-09
1.291404689105235746e-10
5.136024487913522474e-10
1.313194989538320452e-10
3.924281083193397855e-11
3.416516407917279819e-10
3.295504227817766816e-10
1.278634559547314454e-10
1.716467572961683270e-09
5.833719502806049175e-11
3.652459754031983476e-10
2.781050437055890929e-11
1.056069444395013070e-11
1.137149632062311481e-11
3.872389763085028276e-10
1.682413894140561246e-11
5.379670451861878722e-11
4.531166287910473731e-10
4.001915362888811429e-10
0.000000000000000000e+00
3.347598248397350602e-11
2.047274738652535474e-11
1.061745057529839104e-10
1.810317890186906236e-10
3.531528654127227270e-09
4.360087091918056838e-10
1.079988099755434228e-10
4.729137079466359614e-10
0.000000000000000000e+00
1.631941477316406867e-10
1.197148970939641203e-10
1.948356909693926080e-10
2.644633021304272962e-10
1.529780440853052817e-10
2.586113395855957608e-09
6.512766074538691795e-11
2.331055395491121659e-11
1.834439246020551746e-11
1.915215382984096686e-09
1.672278870679869848e-10
7.814103086622269847e-12
5.858043559106855028e-12
2.992669726872833047e-10
2.197273085836730742e-11
2.000653630740644715e-11
3.072939112668511880e-11
9.899688213975939828e-10
1.448902953652900144e-10
5.849935540039677630e-11
0.000000000000000000e+00
1.564442221039273332e-10
1.012921271188221876e-08
1.649981819068781032e-11
6.120337966239405775e-10
3.836917180983762462e-10
8.906658615495847902e-10
3.658743468580411578e-11
4.347925063767672798e-11
1.437592267473032893e-09
1.273688668095431780e-09
4.135900373010350701e-10
3.715396423983728267e-06
9.283681488158213150e-12
2.684159612793076444e-10
1.031948088561359062e-10
1.104920257463754554e-10
6.405334825856560559e-12
5.209402057756284760e-12
8.087073051777348054e-11
1.506064485956734212e-11
1.164514195400709888e-11
1.257553710751262595e-10
6.462090957244965163e-11
9.577799868888162749e-10
1.104514856523381684e-10
3.848876508660929743e-10
4.745420683818561701e-10
2.487134756756609275e-11
1.462483885085486622e-10
2.654768044764966557e-10
6.178310300402685100e-11
0.000000000000000000e+00
2.062815107952436505e-11
3.445975542766747003e-10
3.438441841998378917e-09
1.589475729023581973e-10
1.354241834546933248e-10
2.304400283796858770e-10
1.791547826739418151e-09
8.897131693424434002e-10
3.106709010833797905e-09
3.667662289219468026e-10
4.214345454580412271e-10
2.104233570486183689e-10
9.960092953765682035e-10
1.789845142801408575e-11
1.599104001310331558e-10
5.369940829341557350e-10
4.248399133401528996e-10
3.503272208722449387e-10
4.665962099900592466e-10
4.738224817161893654e-10
2.370379286512772779e-10
8.262071123524681692e-11
1.769169694942704237e-10
0.000000000000000000e+00
7.103029840791640112e-10
7.638361779858117583e-10
4.076441568720169511e-10
8.855983498161957257e-10
1.919573443073341295e-11
1.137413142670206673e-09
4.849831695489741168e-09
5.151632424038859707e-11
1.380390195070292630e-11
7.114786467983443487e-12
1.421943791251836948e-11
8.452609564527357499e-12
1.244580880726196276e-11
3.310774329830169676e-11
2.517539827132606212e-11
4.523159619363941313e-10
5.067511729330919645e-12
3.543204201151619276e-11
1.335998792321334246e-10
1.364174157534402200e-11
1.332248833641120854e-11
4.639813739377240289e-11
2.081936518881169675e-10
5.718788336784776159e-10
4.753731403050601892e-10
5.040349866465739840e-10
1.822682618804447421e-10
1.576198848291719773e-10
1.976329574439845550e-10
6.316146619460838960e-11
1.753359058347172750e-11
2.854698274190203021e-11
7.510052382862287554e-12
1.394173826976101069e-10
6.484185308385277596e-10
1.079785399285250017e-09
3.931679650320255697e-10
0.000000000000000000e+00
5.373994838731103515e-10
9.120507610433164373e-10
3.405367882111734474e-11
4.453329307735771892e-11
1.245391682600864725e-10
4.185967388900203329e-10
1.206338058875426900e-10
0.000000000000000000e+00
5.730342263527658103e-11
4.901297344610819051e-10
3.673135201887659364e-10
2.077679809025490422e-12
3.570163363549648916e-10
8.200247480406539865e-09
3.568744460267453588e-10
8.452609564527357176e-11
8.288016783547461471e-10
7.108908154357174125e-10
1.921600447763049577e-10
3.972929195794997123e-12
1.449713755527566622e-10
3.997658653036165312e-10
1.156068342517809700e-11
7.824238110110332070e-12
1.161270987895962485e-10
1.547415381671132533e-10
3.648405744652568205e-10
1.241601183826309023e-09
1.056069444395013070e-11
1.115663382331964979e-10
1.265864429986354566e-10
4.497923410957943966e-11
2.925170470638127932e-10
2.644247890414877558e-09
9.263411441200351947e-11
5.041566069280787201e-10
1.564503031222443677e-09
1.102082450893301567e-10
1.250661894801396406e-11
9.779284135256567467e-11
9.730433322175698191e-10
5.715342428812890255e-10
1.537685759150814134e-10
0.000000000000000000e+00
6.831005811141805782e-12
5.209402057756297039e-11
1.026069774953306802e-10
1.816398904262100906e-10
1.597158076806262709e-09
7.042422400488590675e-10
6.950599087953066297e-11
1.036812899821518261e-10
4.032928534672326295e-10
1.094582533535914445e-11
1.934167876853825486e-10
3.185944624233659129e-10
5.005688086229504495e-11
6.912491399728199424e-10
9.664028648474498374e-09
1.241134972748225328e-10
5.616830000794654248e-11
2.334501303469094319e-10
7.121272883017256434e-10
3.383070830500646499e-11
1.397518384717464768e-09
4.167927047141758756e-10
1.244175479785822017e-10
6.570873542361609569e-11
4.129008557060479730e-11
1.644306205933951412e-10
4.507247632537885877e-10
5.858043559106847758e-11
4.160089295666373202e-11
5.709493072417894787e-11
3.208748427015644246e-11
1.890384575509346855e-10
0.000000000000000000e+00
1.653630427513896684e-10
1.249513258806712045e-10
5.712099221302064012e-11
6.324254638207502450e-11
1.954032522831791259e-11
5.816489962937472851e-11
1.376336185684799069e-11
2.468891714531005168e-10
4.426471495571318820e-10
1.162892591645292468e-10
3.243815608178573478e-10
3.741850660937417527e-11
2.786320649256425066e-10
6.628305341967494436e-11
4.137724677232917607e-10
5.373792138259891505e-10
9.951174133105391602e-10
1.657806057180894555e-09
1.149007609508949062e-10
0.000000000000000000e+00
2.087814832483144225e-11
2.641187113326301336e-11
1.742007832077521201e-10
3.922051378036545742e-10
4.106508804982236162e-10
2.506796702264394882e-10
3.824349751892978798e-10
5.865138075529953195e-10
3.239153497391645901e-10
2.614045520506021932e-09
2.214462085624662299e-09
1.021407664166372116e-10
3.064831093900561415e-11
2.987399514678386960e-10
0.000000000000000000e+00
2.386595324048663370e-10
2.010788654201338891e-11
0.000000000000000000e+00
2.724294305689388678e-11
4.107116906389763461e-10
1.342323046959543093e-09
4.073874029443308562e-10
5.572235897572476358e-11
1.776770962536688101e-09
0.000000000000000000e+00
1.257310470188252761e-09
6.461675421272634569e-09
2.174519958173006885e-09
8.864091516969446956e-11
0.000000000000000000e+00
1.194378731193605694e-10
2.021957450050556792e-09
3.541177196498590251e-11
1.189912564190151954e-09
2.339163414262108136e-11
8.778957319902440563e-10
4.481950613985045838e-09
5.626762323773001465e-10
1.112149907531621048e-11
1.857141698565935722e-10
0.000000000000000000e+00
9.204886584786907968e-10
0.000000000000000000e+00
5.116159841932502595e-11
1.962748643007262949e-10
6.999247200554667341e-11
1.998626626050936692e-11
2.638349306758896898e-10
4.603327654926023673e-11
1.718899978589739637e-11
7.743157922400455991e-12
1.204952939000787251e-09
1.035799397473627302e-11
2.018288571558721006e-10
4.663529694300908005e-10
3.967861684067689535e-10
1.978153878662404959e-10
2.619295462655584033e-10
2.957399845236677105e-11
6.322633034433856587e-10
6.158040253475241396e-10
7.777414301731293214e-10
7.059145189186249953e-10
1.716062172021308074e-10
5.984123250928591107e-10
3.749823546061605723e-10
3.817660636410262774e-10
0.000000000000000000e+00
0.000000000000000000e+00
0.000000000000000000e+00
3.900159727365830248e-10
1.800486917429970603e-10
4.367384308808294992e-10
6.731074479838338822e-10
1.005899051265870016e-08
0.000000000000000000e+00
0.000000000000000000e+00
0.000000000000000000e+00
0.000000000000000000e+00
7.172150700739204689e-10
1.117528226644305831e-09
7.266203718455915412e-10
2.122071211777489341e-10
2.138489949780529839e-11
3.017662694721894238e-09
1.254026722587646083e-09
7.381134884477195666e-10
2.832941757168320285e-10
0.000000000000000000e+00
1.192892261086995603e-10
3.276450383717503145e-10
3.099290173662054498e-10
5.199875135703126866e-10
8.087748720015367567e-10
1.896323699255108001e-09
5.386967668752123208e-10
1.417788431632771561e-09
1.417788431632771561e-09
1.210365041527710836e-09
5.122240856007703210e-11
5.758517628734630253e-10
5.307509084815909471e-10
3.041317839474428663e-10
1.357681503431465948e-06
1.357681503431465948e-06
2.302295115764957285e-06
3.167194830834089104e-11
5.111700431612723115e-10
8.837740455936379322e-12
6.173648189621856946e-10
1.487517393027382404e-09
0.000000000000000000e+00
2.860711721407391511e-10
5.888266199060610687e-09
1.035616967051368433e-09
1.760169794111399520e-09
0.000000000000000000e+00
7.803968063213242147e-12
1.465162426998751548e-09
1.133079406643335607e-08
6.914026131880888652e-10
1.984640293677977668e-10
0.000000000000000000e+00
0.000000000000000000e+00
0.000000000000000000e+00
0.000000000000000000e+00
0.000000000000000000e+00
0.000000000000000000e+00
2.818803399440433796e-10
8.945171704618479054e-11
4.978323522856104878e-11
6.913707602543271600e-10
0.000000000000000000e+00
0.000000000000000000e+00
1.204491232375838650e-11
2.041801826003107953e-10
1.002759221000410067e-10
2.872316323299150015e-10
1.247621387763808687e-09
3.159796263689017779e-10
0.000000000000000000e+00
1.821243445477368363e-09
8.779464071069319675e-10
3.199964740022829153e-11
5.943380456632854389e-10
1.498199707753926091e-09
6.218647693778342532e-10
1.333971787631628421e-10
1.000691676214835809e-09
2.771388381359776361e-10
4.098238625839957328e-09
1.318161151030047981e-10
2.573890557583070795e-10
4.858730246084434649e-11
1.451132658834180322e-10
2.776185625795736951e-09
0.000000000000000000e+00
1.713427065942347110e-10
2.664396317048674961e-10
1.578023152514260312e-10
3.038480032928326970e-10
0.000000000000000000e+00
2.587471488997385628e-10
0.000000000000000000e+00
0.000000000000000000e+00
1.864371348635208455e-10
0.000000000000000000e+00
3.405367882111712018e-12
0.000000000000000000e+00
2.162104554437365482e-10
1.140065427169560907e-06
1.285120974556809228e-11
1.597279697087768143e-11
0.000000000000000000e+00
5.625410987320273939e-10
1.686467903501931184e-11
0.000000000000000000e+00
0.000000000000000000e+00
1.217216317387795769e-11
0.000000000000000000e+00
0.000000000000000000e+00
0.000000000000000000e+00
0.000000000000000000e+00
0.000000000000000000e+00
0.000000000000000000e+00
0.000000000000000000e+00
2.858583366520764980e-11
0.000000000000000000e+00
0.000000000000000000e+00
0.000000000000000000e+00
0.000000000000000000e+00
0.000000000000000000e+00
2.549359533405842707e-09
0.000000000000000000e+00
1.842547264785778978e-11
3.158225335072349805e-11
0.000000000000000000e+00
1.013502345868616034e-11
4.193872707202014212e-11
9.827932247873373125e-11
0.000000000000000000e+00
1.074372229920192260e-09
4.031915032336596797e-10
4.936101015165850558e-09
7.116813472673161850e-10
2.229705160908515932e-10
0.000000000000000000e+00
3.105168487264026334e-10
0.000000000000000000e+00
4.966161494746800469e-12
0.000000000000000000e+00
0.000000000000000000e+00
0.000000000000000000e+00
2.593552503072598651e-10
4.686029446348748292e-10
4.599679046480927990e-10
4.408025752878633631e-10
4.484038428815528640e-09
3.463846967467213943e-10
1.467166265923391457e-09
1.797953161569360915e-10
0.000000000000000000e+00
3.362598083118195125e-10
1.636591426075192429e-08
0.000000000000000000e+00
1.351647268539492914e-09
2.855015838261295312e-09
2.663119304092895033e-09
6.408663971308384268e-08
6.959984119655516022e-09
2.240650986243871611e-10
6.202634356685262187e-10
2.917346232550352118e-09
1.754710394811024175e-11
5.804277259665724666e-10
2.043322079500612342e-10
9.404085566847164135e-10
1.609461995283063933e-09
0.000000000000000000e+00
0.000000000000000000e+00
0.000000000000000000e+00
1.534442551643027973e-11
2.585343134068034313e-10
0.000000000000000000e+00
3.564487750402642228e-10
6.293444166891106083e-10
8.870172531044652741e-11
1.229378345535161150e-11
0.000000000000000000e+00
0.000000000000000000e+00
1.818831309898264290e-10
3.554150026486979349e-10
5.641559458029756263e-10
0.000000000000000000e+00
1.581671760959396966e-10
0.000000000000000000e+00
1.096102787054718573e-08
1.815892153088153535e-10
5.239807128132289775e-11
0.000000000000000000e+00
1.156872387710850503e-09
1.232418852575778728e-11
0.000000000000000000e+00
2.397135748442230667e-10
0.000000000000000000e+00
0.000000000000000000e+00
0.000000000000000000e+00
3.600750864347893845e-09
0.000000000000000000e+00
1.304174818661104015e-11
1.473875651451003773e-09
1.598556710040520616e-09
0.000000000000000000e+00
2.138489949768366891e-12
2.558079920967264594e-11
3.206721422319861616e-11
0.000000000000000000e+00
0.000000000000000000e+00
1.178662688151035159e-09
1.246231441687988806e-10
1.065312585789314923e-09
2.851164529342941511e-09
0.000000000000000000e+00
6.248414257688589660e-09
1.403311564122386877e-08
2.435567757398917377e-09
4.584213000685028753e-09
4.506497640803978126e-09
3.780789421078772178e-09
4.443396984748285621e-10
4.126349802580591611e-09
6.295065770646547769e-09
3.192248608820879499e-09
2.177688166509259837e-08
6.052636009514751200e-11
2.049301743342239943e-11
3.104154984922212405e-10
1.414241173424264392e-10
2.096733653128797568e-10
1.144426578907659417e-09
2.385277770997009943e-09
4.106914205922617044e-10
7.507619977259565402e-10
4.570044237889819178e-09
1.211135303312599516e-10
1.023931285005607701e-09
2.920102958910813785e-10
2.070585292605438025e-10
3.491804429679473266e-09
3.330368708519631994e-11
2.027342525869305721e-11
9.608002238815280519e-12
1.581063659551876905e-11
1.223753407516205004e-10
2.721456499118933172e-10
1.656589854365858154e-09
0.000000000000000000e+00
0.000000000000000000e+00
0.000000000000000000e+00
3.218478049511625053e-10
0.000000000000000000e+00
0.000000000000000000e+00
1.238266965812974215e-27
1.816220021098002033e-08
1.343093308744420555e-10
0.000000000000000000e+00
3.511582927960589001e-10
2.322187249966818656e-09
2.129865044814669729e-09
1.688494908215678755e-10
0.000000000000000000e+00
5.096842487233462675e-09
4.175291830856388408e-10
3.275943632546592562e-10
0.000000000000000000e+00
0.000000000000000000e+00
0.000000000000000000e+00
0.000000000000000000e+00
0.000000000000000000e+00
0.000000000000000000e+00
5.333049343949982469e-11
0.000000000000000000e+00
0.000000000000000000e+00
8.553959799134270187e-12
0.000000000000000000e+00
0.000000000000000000e+00
0.000000000000000000e+00
0.000000000000000000e+00
0.000000000000000000e+00
0.000000000000000000e+00
0.000000000000000000e+00
0.000000000000000000e+00
0.000000000000000000e+00
0.000000000000000000e+00
0.000000000000000000e+00
0.000000000000000000e+00
0.000000000000000000e+00
0.000000000000000000e+00
0.000000000000000000e+00
1.763899482748236436e-10
4.282148761521937469e-10
3.069493204693578204e-10
1.314634162872499201e-09
9.107737480875225504e-10
4.960688582080614882e-10
3.566649888751326311e-10
0.000000000000000000e+00
0.000000000000000000e+00
1.019786060410962639e-09
1.026475175893680876e-08
2.201664929337176934e-11
2.469499815938531950e-10
1.186405846071428839e-10
2.232137566538598763e-10
1.576583979181119417e-09
1.323552983512070621e-09
9.418821890935808754e-09
3.781985353632862326e-10
2.259948070907153388e-09
1.082562395711910772e-09
2.051909822710916772e-09
0.000000000000000000e+00
0.000000000000000000e+00
1.276627824902498872e-09
3.472461737409117207e-10
0.000000000000000000e+00
9.350775343443430641e-10
8.746525244808368478e-12
7.329284104442388586e-09
6.181553507889222994e-10
6.332768057912813296e-10
2.524634343552656961e-11
3.472664437879309200e-10
5.393859484701976989e-11
7.450255744485566290e-10
7.010598426848641426e-10
0.000000000000000000e+00
0.000000000000000000e+00
2.387373693848452480e-08
6.625670235888480740e-10
0.000000000000000000e+00
1.089920422742901629e-10
1.798358562503648579e-10
3.374516870705577991e-09
3.039635425584343804e-09
6.413746895358683740e-10
3.363003484052482788e-10
1.896364239350975037e-10
0.000000000000000000e+00
6.660838767278939979e-10
1.558482827287994034e-09
6.490367672684922964e-10
1.200250288117995068e-09
3.080911648787820176e-06
7.924908581203034976e-25
7.793833039719137628e-12
3.744553333854996462e-11
2.680038036586198185e-11
0.000000000000000000e+00
2.094909348906237125e-10
1.275328514893069951e-08
2.396547917082853891e-09
8.108018766912441852e-11
9.186385262954983919e-11
0.000000000000000000e+00
1.144639414398164137e-09
2.502134591477464202e-10
4.520706943688966430e-09
0.000000000000000000e+00
0.000000000000000000e+00
0.000000000000000000e+00
2.584430981959801347e-11
0.000000000000000000e+00
5.058694258933994752e-10
0.000000000000000000e+00
3.650230048875138730e-10
1.727007997356661943e-11
1.605657983146253955e-10
5.725072051330178589e-10
1.996802321828379157e-10
1.630927974968513678e-10
1.331275871387572507e-09
2.131125841735457784e-08
3.500231701684847528e-10
4.459950856404189831e-10
6.078987070509814408e-11
1.636806288576572012e-10
8.883348061500458253e-11
1.630725274501362608e-10
5.068322531187322880e-10
1.285465565356427267e-09
4.120468110621371456e-09
0.000000000000000000e+00
9.068818990812234665e-10
2.456324285440234945e-10
0.000000000000000000e+00
2.205381104607728464e-10
8.878280549791326247e-12
0.000000000000000000e+00
6.445874919711509907e-12
6.650602393596813343e-11
5.948042567427901261e-10
0.000000000000000000e+00
5.366494921363592703e-10
1.151176504531130653e-09
1.474240512295510588e-10
3.965023877521568196e-10
3.261045148062351572e-10
0.000000000000000000e+00
1.879236049706628606e-09
8.491890182430573555e-09
1.477909390791608630e-09
0.000000000000000000e+00
0.000000000000000000e+00
3.658743468580411578e-11
8.462068919747999237e-11
5.985846204931774054e-10
6.425604872814440987e-11
3.378206019240494666e-10
2.268218250049425255e-11
0.000000000000000000e+00
8.887807471862750810e-10
0.000000000000000000e+00
1.256844259107128764e-09
4.430180914158714449e-09
0.000000000000000000e+00
4.929894326801991412e-08
0.000000000000000000e+00
2.993314314364804954e-08
0.000000000000000000e+00
0.000000000000000000e+00
2.576322963194890447e-11
2.284434287585319078e-11
1.139176636752018535e-11
1.515287357303113345e-09
1.906600613042207897e-10
4.141373285678019881e-10
0.000000000000000000e+00
3.533271878161110952e-10
0.000000000000000000e+00
3.790478503494122434e-09
0.000000000000000000e+00
0.000000000000000000e+00
1.522280523489564559e-11
0.000000000000000000e+00
0.000000000000000000e+00
0.000000000000000000e+00
5.664059210089713712e-10
0.000000000000000000e+00
1.198111798164359731e-09
3.853335918986796368e-11
5.333819605734861766e-09
3.220910455166051939e-11
0.000000000000000000e+00
0.000000000000000000e+00
9.699217449943282962e-11
3.364827788278101344e-11
6.910535340202896078e-08
0.000000000000000000e+00
1.731062006740641053e-11
3.334422717899044162e-11
2.096936353595940625e-11
8.185044945218566296e-11
7.668158748826596720e-11
2.574295958499107170e-11
0.000000000000000000e+00
1.569570542949750586e-09
0.000000000000000000e+00
3.829011862643450974e-11
2.215536398111278730e-09
6.344849005877562196e-09
6.431685886889619630e-11
0.000000000000000000e+00
0.000000000000000000e+00
8.995846821891430528e-11
0.000000000000000000e+00
0.000000000000000000e+00
5.326360228467248997e-10
5.475345073303560511e-10
0.000000000000000000e+00
2.332778349483140924e-09
8.330989283023316114e-12
3.422171751004178777e-09
1.776730422446907097e-09
4.894466338789539239e-09
3.345976644641902454e-10
6.402699719777582114e-10
8.880510254972487324e-10
0.000000000000000000e+00
6.038244276181654537e-10
0.000000000000000000e+00
3.389455895279599778e-10
0.000000000000000000e+00
1.307803157057298960e-09
8.006668532335694761e-12
1.099580417859945363e-06
5.142987168174520095e-07
1.478294521680987025e-10
3.142668074063140275e-10
0.000000000000000000e+00
1.692346217128028001e-10
1.315019293761913062e-10
4.505220627844026312e-10
1.169581707128016118e-10
1.412822270135994359e-11
2.207408109297422334e-11
3.529961103832348062e-10
5.168861963919605279e-11
2.227272755278432067e-10
1.594857426477713308e-09
6.240437994218412003e-10
7.328635462981576733e-10
1.311269335080157624e-10
8.330989283023356504e-12
1.340458202641126522e-10
0.000000000000000000e+00
1.570320534683664541e-10
3.559014837747137256e-10
1.437146326441049659e-10
3.003210151273887880e-10
7.763427969338544669e-12
2.437219766220447995e-10
2.428371890745292114e-09
4.114819524216116959e-11
4.373262622393868877e-11
6.239120441154714516e-11
4.195291610480149634e-10
2.622944071104960763e-11
3.563474248066908594e-10
1.276769715228901968e-09
1.253398351135235210e-09
0.000000000000000000e+00
3.490502079164481049e-11
0.000000000000000000e+00
0.000000000000000000e+00
0.000000000000000000e+00
0.000000000000000000e+00
5.167139009951856165e-10
0.000000000000000000e+00
2.971588878082858381e-11
1.925421351607981799e-09
2.414162587854213848e-11
2.324974381415924598e-11
2.047274738652527477e-12
5.566154883497263464e-11
4.214142754113269603e-11
8.082073106874488737e-11
0.000000000000000000e+00
0.000000000000000000e+00
0.000000000000000000e+00
2.133453890379714519e-08
0.000000000000000000e+00
0.000000000000000000e+00
0.000000000000000000e+00
1.545253243331289977e-11
3.071520209383279636e-10
4.724887126289258717e-09
5.181246962588130857e-09
2.288690997437899861e-10
1.428734256968126568e-10
5.037106658954910753e-11
7.680320776977018630e-11
6.983051433087974160e-09
2.933075788935873998e-11
1.545489727223224676e-10
5.812638654007963744e-10
4.630489517797298508e-10
8.655310033680382450e-10
9.154966690212896660e-10
2.001160381914595898e-10
1.357829632851303835e-09
1.800993668603914290e-11
1.033792662828814246e-09
1.009448336483125219e-11
9.529455807005538240e-11
5.675613136850877769e-12
6.071896608098127151e-08
2.208624312112468209e-10
1.308634228982937940e-10
1.129997346005504465e-08
8.653283029008925779e-11
8.303016618277436259e-10
6.125608178397386381e-11
8.705985150993594096e-11
7.059043838970922023e-11
3.559420238681442368e-11
1.500328062678116937e-09
7.020125348859235837e-10
3.452110610305141977e-09
1.207883987785035520e-08
2.157408660233998461e-10
2.743550850262881684e-09
3.466178022863723178e-11
1.072569262583695294e-09
8.183017940547107299e-11
6.532630720537956822e-10
1.549401846264981559e-09
0.000000000000000000e+00
1.478497222148152829e-10
0.000000000000000000e+00
3.033716571880436683e-09
1.269938709413699038e-09
0.000000000000000000e+00
0.000000000000000000e+00
9.445841863456339061e-12
2.313623155143232642e-10
1.240932272281078912e-10
1.446713788585833403e-09
4.959472379265600609e-10
1.941870494678354986e-11
3.267531563073878204e-11
1.021610364633522249e-11
8.283216836448562004e-08
0.000000000000000000e+00
1.395987996173206100e-09
6.376956760182442347e-11
5.787774063136223552e-11
0.000000000000000000e+00
3.983064219255710848e-11
6.697831602874012685e-10
1.771196699636442568e-10
1.374106480527947570e-10
9.143007362511401480e-10
2.953345835857261059e-11
2.679294801532907163e-10
0.000000000000000000e+00
0.000000000000000000e+00
2.578755368824972309e-10
8.310313835167675136e-09
5.833719502806049175e-11
8.101262084627592855e-12
2.579768871166789856e-10
2.653774812465005826e-09
0.000000000000000000e+00
3.674621671996277565e-11
2.247948203134120233e-11
5.321140691386561774e-10
0.000000000000000000e+00
2.345041727864087985e-10
0.000000000000000000e+00
0.000000000000000000e+00
0.000000000000000000e+00
0.000000000000000000e+00
0.000000000000000000e+00
3.942922287056809343e-11
8.709025658021450475e-11
1.729440402986750009e-11
1.530591242727719295e-10
4.143197589900576059e-11
2.601842952259761369e-09
6.734925788732366275e-10
4.254682847941400689e-11
0.000000000000000000e+00
3.429691938444353662e-11
1.122757898748969959e-10
0.000000000000000000e+00
1.839912158688243609e-10
0.000000000000000000e+00
7.315865333399359078e-10
4.017928699957563876e-10
0.000000000000000000e+00
3.123006128555321388e-10
1.657279035962059527e-10
0.000000000000000000e+00
1.354241834547529077e-10
6.400875415561096537e-10
4.238264109946927586e-10
1.964532407134691409e-10
8.175112622249329697e-10
2.814901415409872093e-10
6.972085337665183030e-10
0.000000000000000000e+00
0.000000000000000000e+00
5.175247028698557136e-10
9.914079947246645877e-11
6.453982938458154979e-11
3.032399018834858071e-10
5.086160172496889837e-10
1.738521384003683676e-09
1.049177628439060842e-09
2.432811031008036763e-10
1.409376362164099764e-10
2.584066121115289103e-09
1.747561824930838885e-09
2.669767879479741901e-10
6.309457503978127331e-10
2.765726281586390238e-09
1.882540067355376295e-09
4.560902446730304544e-09
4.393492129235820017e-09
6.813168169853559948e-09
8.056654468064471964e-09
1.965586449571639389e-10
1.544982976041055647e-10
8.046134313714356288e-09
8.037681704149820608e-10
4.347316962360133995e-10
1.871411811597762478e-09
3.909686649412926072e-10
0.000000000000000000e+00
1.964561596001523206e-07
4.590395364990756381e-09
2.368757682757363664e-10
0.000000000000000000e+00
2.959832250866762650e-10
4.980350527588478619e-11
4.948526553930225026e-10
3.110094108664929113e-09
0.000000000000000000e+00
0.000000000000000000e+00
2.322602785926599576e-09
1.114974200732721779e-09
4.463464331196468977e-11
2.004707640126136661e-11
3.043547544637359908e-10
1.215864980925966090e-11
1.469781101975727722e-09
6.942997820359053379e-10
0.000000000000000000e+00
0.000000000000000000e+00
2.394297941875991778e-11
1.923323401752040948e-10
1.132284820802150989e-10
6.656913979438035689e-09
1.603593816700492237e-09
1.570293507957137771e-09
1.705616341175248165e-10
0.000000000000000000e+00
4.480592520822354107e-10
2.507161563108905988e-09
0.000000000000000000e+00
2.326275736413571844e-08
4.607928955578299572e-09
4.274040742753983643e-10
0.000000000000000000e+00
4.522044766785515321e-10
9.412700336767788694e-10
0.000000000000000000e+00
4.884473205667402712e-10
1.216202815039923720e-12
1.615249093676944650e-09
0.000000000000000000e+00
1.721129683750637181e-10
9.721109100613933316e-10
7.936534169991801046e-10
2.882309456433449303e-09
1.259003019103824983e-09
3.791714976354041892e-10
2.722470001466829463e-10
0.000000000000000000e+00
1.781230372862856233e-10
4.282858213163034357e-10
3.684283727696254420e-10
1.506267186426934929e-10
2.552140797220489803e-10
9.054629957972011287e-11
0.000000000000000000e+00
2.300853025588352790e-10
6.838708428969404962e-11
2.442540653540504377e-11
2.276680994639428535e-10
7.501133562227277958e-10
2.221597142137535142e-10
3.963604974215051172e-10
1.893384542454127304e-09
1.736413299128335911e-09
4.335763035617108716e-11
6.339457173395508124e-10
2.458756691070320361e-10
1.326877271208537459e-09
6.543981946771103146e-10
3.707999682589526480e-10
1.456423141055176353e-09
2.402608661111330352e-10
8.890442577941720046e-11
2.774969422980692252e-11
1.114852580451222213e-11
6.831005811140280667e-12
7.967479774965089106e-11
9.622191271637117159e-11
1.658089837835705923e-11
4.123130243452435613e-10
2.906724727945376438e-11
8.189098954622304360e-12
2.385784522167925903e-11
4.054009382456952622e-14
8.979630784367802889e-12
2.722632161844191154e-09
2.014133211942695688e-09
6.857458222356778338e-10
8.068978656549659072e-09
1.576523169040367410e-09
0.000000000000000000e+00
3.348611750745235132e-11
2.926183972986016468e-10
3.188881754031972941e-08
3.186483505997507257e-08
3.905024538628018496e-11
4.584071110360153176e-11
0.000000000000000000e+00
1.042691213429573623e-10
4.195291610480151702e-10
0.000000000000000000e+00
9.188412267626455582e-10
1.003267999180057397e-08
7.080124687754809674e-10
3.872187062619905350e-10
5.170888968609302316e-11
2.178219241736472629e-10
1.545043786181806051e-09
2.860630641255363866e-09
2.131131922749540222e-09
9.504016898129337527e-10
9.595434809706248669e-10
4.014089553067367032e-08
2.631862891746355806e-10
5.349062680994423173e-10
0.000000000000000000e+00
9.821851233813340934e-10
1.601333706467183219e-11
3.162127319103751225e-11
3.040507037599767395e-13
0.000000000000000000e+00
5.535749813121266850e-11
5.663856509640827307e-10
2.489161761446313421e-11
2.094706648439092001e-10
9.362126569728275754e-10
1.204689428392888415e-09
0.000000000000000000e+00
1.261749610463150037e-09
7.510052382871414588e-10
3.331179510394300411e-10
1.047819535297629204e-09
1.242148475096117484e-10
5.973582826535633598e-11
1.378971291788106769e-10
9.435706840038218190e-11
1.760331954488761832e-09
7.491809340645822823e-11
1.269857629228053738e-09
1.680184188977629355e-10
9.770162614174168663e-12
1.235256659140168803e-10
2.412135583164507117e-11
2.473452475087402398e-11
4.153332613361251818e-11
9.466111910414682355e-12
1.954539274005755173e-11
1.486402540445918540e-10
0.000000000000000000e+00
1.042893913896720040e-10
0.000000000000000000e+00
1.375728084277279285e-09
1.702683941055872407e-10
0.000000000000000000e+00
4.791332340078728045e-11
3.537224537309989801e-10
1.711400061230319557e-10
6.723574562470839177e-09
7.692685505593341792e-10
3.713168544551928609e-10
0.000000000000000000e+00
0.000000000000000000e+00
8.164369497362877741e-10
4.779677063106835052e-11
1.036650739444152745e-09
6.362767727330159968e-11
4.497685216538214283e-08
1.001086942129721575e-09
1.357681503431465948e-06
8.116126785719886831e-10
2.019302073903578701e-10
1.616840292358941492e-09
6.783371200885072384e-10
0.000000000000000000e+00
0.000000000000000000e+00
6.962761116103458480e-10
8.075586691864977194e-11
7.531538632583516587e-10
3.949618641842098029e-10
5.943583157100018384e-10
1.118711997386308256e-08
4.215156256461179206e-10
7.270055027349949070e-10
5.286225535570946650e-10
0.000000000000000000e+00
0.000000000000000000e+00
0.000000000000000000e+00
3.649824647934754228e-10
2.492404968957144252e-10
2.645241122711791989e-10
3.838994860795875067e-10
9.167534119321897426e-10
1.133521293662082829e-09
6.130067588759749507e-10
0.000000000000000000e+00
2.404027564393516440e-11
5.151632424041899725e-10
1.804419306533958847e-09
4.538463504788554914e-10
0.000000000000000000e+00
0.000000000000000000e+00
0.000000000000000000e+00
0.000000000000000000e+00
0.000000000000000000e+00
0.000000000000000000e+00
6.592832759882425335e-10
0.000000000000000000e+00
2.838009268895620990e-10
1.134737496477121090e-09
3.216248344373032564e-10
3.800633796999702085e-10
2.870644044434553759e-10
5.379670451861864892e-10
3.573609271527615889e-11
5.140483898233310872e-11
3.459488907381013746e-10
4.753528702583470985e-10
1.107758064034207023e-10
4.329479321074918202e-10
7.731806696167292736e-10
1.804034175644550932e-11
3.014155976609254286e-11
6.237093436483250350e-11
1.767345390720127509e-10
3.039898936192246776e-10
1.824709623500229922e-10
7.283027857417570051e-11
2.133604868469395888e-09
1.291201988632009197e-11
3.204593067393528062e-09
6.879653923722139883e-11
7.293568281794324385e-10
3.991172238020596739e-10
1.290999288164857966e-10
4.167704076623638959e-09
4.345695358604735220e-10
2.347676833967388222e-10
1.679170686629736166e-10
6.359929920802277961e-10
4.643867748762733528e-11
3.081047131436451925e-12
6.354659708583505526e-11
2.940373005826121715e-10
2.138489949780525315e-11
2.071598794953336126e-10
5.612775991409159070e-11
3.216248344373022225e-10
8.249909095374290802e-11
3.781579952899436863e-10
4.913459372761216275e-11
2.605511830755851397e-10
5.187105006145198723e-11
1.490456549831405057e-10
1.210324501431851709e-10
4.106893935871653486e-09
1.764304883682534181e-10
7.457350260866065204e-11
9.741784548469643325e-11
2.159976199510868715e-10
2.316258261243498935e-10
5.390008175789710074e-10
1.686467903519974836e-10
2.312812353265525629e-11
1.873155035628598827e-10
5.306698282959475217e-11
1.272046794295129062e-09
4.654002772217339849e-11
1.862817311700761529e-11
5.959393793695541793e-11
1.665772185619409015e-09
5.203321043681089315e-11
1.153771070532495552e-10
2.310785348575821807e-11
1.814169199099166301e-11
1.948762310634301017e-10
1.229986446945717546e-10
1.136379370277427531e-09
9.316113563205679100e-11
2.910028745590875608e-09
3.364827788275042068e-11
7.406269742634398389e-10
4.535929748927939177e-09
3.905024538625992808e-10
5.489128705215461361e-11
2.055990858824961201e-10
2.550174602671534587e-10
2.064301578063088149e-10
4.431032256130744307e-11
6.729655576574425219e-11
1.150507592982861687e-09
1.216202815039904874e-10
3.594487419850442588e-10
1.102690552300822760e-11
8.229639048416421198e-12
2.574295958499112905e-12
1.283499370807476497e-10
1.627279366523394291e-09
1.078366496000021430e-11
3.063209490145144674e-10
9.770507204931240881e-09
1.097623040573512781e-10
4.120292436888051160e-10
1.073927355725129207e-09
1.463233876819399595e-09
1.145460351300443987e-10
1.424578897352105955e-10
1.214244728507689325e-08
3.162532720044128489e-10
3.298139333921083596e-10
9.275573469350748008e-11
3.116114312599382272e-10
5.277712115865669925e-10
8.656931637454052094e-10
0.000000000000000000e+00
4.223872376633592009e-10
2.524228942615329732e-10
1.437754427844313101e-10
3.960767167644589268e-11
8.118153790391375038e-11
1.297283002707206863e-12
6.920680498703081183e-09
7.297216890239431247e-12
1.496679454232995120e-09
1.194513864836334246e-10
2.380311609500240180e-10
3.263477553692438022e-10
1.070197667094368708e-09
8.520311521210956709e-10
8.388353515779140582e-10
8.428285508226539205e-11
4.155359618050980779e-10
4.797514704392054594e-10
3.579082184195302388e-10
2.435243436650261054e-10
7.467485284345025532e-11
6.843167839270918097e-11
2.181057048306921544e-11
5.975609831231424629e-11
8.428285508226539205e-11
3.059155480765734574e-10
6.042298285585393053e-10
1.718089176711014933e-10
5.902232261388658336e-10
2.349298437716720144e-10
4.779677063106835052e-11
1.006833500430786776e-09
9.714217284682331404e-10
2.671186782768016490e-10
3.403746278356319673e-10
8.137613035432000204e-10
3.539960993640794325e-10
1.451051578624113136e-09
9.070845995526221344e-11
1.094866314194783916e-09
2.210245915867883528e-10
8.162747893589240926e-11
1.877817146421614712e-10
2.534161265602788344e-10
3.248275018504446823e-10
2.565174437386315618e-10
9.950768732207600181e-10
1.156406176635802897e-10
4.311438979316465875e-11
3.664824482655606377e-11
4.094549477298988069e-10
7.013436233376505596e-11
6.640467370117886620e-11
2.523620841207810187e-10
8.816659607182874661e-10
4.200156421740318915e-10
6.449928929115242155e-11
1.331336681528321205e-10
1.040056107326264857e-10
9.131858836727126050e-10
2.772942418290982291e-11
4.227520985078715480e-10
5.783044385514755617e-11
3.366854792970827930e-11
1.128534862120418531e-09
2.190583970354018467e-10
1.032961590909252122e-10
1.575793447351344577e-10
1.660522243469844589e-10
2.813482512127679544e-11
1.520253518799881093e-11
1.495625411795325373e-09
6.711817935246602903e-10
5.436426583228379357e-11
7.625591650300200169e-11
2.296596315735716431e-11
3.587798304367716742e-12
3.901781331115166307e-10
5.097916799706909150e-11
2.499296784907006176e-10
2.399973555014110734e-11
9.042467929821708284e-11
2.489161761446313421e-11
1.810723291127276003e-10
1.743224034892557188e-10
8.701931141610529408e-11
6.143851220622991587e-10
5.199267034295596077e-11
7.485728326570617038e-11
2.681727207162989218e-11
1.763088680867491990e-10
6.645737582336672755e-10
4.560760556399652325e-11
1.327870503505460370e-09
1.850655283550363207e-11
5.918853699858850679e-12
6.751141826286510158e-10
1.001745718652509123e-10
1.033366991843545472e-10
4.913459372761217180e-10
3.875632970591804566e-11
7.540457453247413851e-12
3.333814616491531726e-10
7.771535988104991669e-11
0.000000000000000000e+00
0.000000000000000000e+00
1.850047182142841659e-10
7.358027030991420921e-11
1.301337012092699011e-11
3.566109354164161623e-10
2.772942418290982291e-11
1.677751783347549626e-10
2.704024258774086887e-10
4.428194449560290804e-10
3.220099653285294180e-10
2.342001220826483542e-10
3.804687806385192092e-11
2.789766557234401086e-10
4.771163643401544497e-10
6.354051607175997872e-10
3.646176039489644199e-10
1.184378841381722496e-09
0.000000000000000000e+00
4.868054467664367254e-10
1.000124114903177459e-10
9.645096424673958713e-10
8.472879611424395723e-12
1.369444369734930909e-10
9.912052942575219192e-12
6.504658055792028305e-11
1.552280192931300004e-10
8.351259329920427686e-11
2.829049908160194476e-09
3.950632144189981396e-10
1.844959400370644972e-09
2.475783530480878465e-10
3.067466199997785622e-10
2.395919545628609159e-10
6.648575388864544778e-12
1.713832466858373727e-10
1.261895554800955721e-08
2.815509516817375611e-11
9.025238389962233015e-10
9.226519955851350631e-10
1.646900771941401053e-09
8.128288813870294007e-11
1.728224200171708529e-10
8.956928331810263688e-10
2.506391301330101531e-10
1.897479091929405423e-10
1.316134146340327939e-10
0.000000000000000000e+00
1.869709127656706203e-10
1.277621057199420231e-10
1.630522574028139775e-10
1.010056437890639690e-10
5.692031874853906893e-10
1.806466581274632988e-10
1.417788431632771561e-09
1.417788431632771561e-09
1.417788431632771561e-09
7.838427142932198437e-11
1.417788431632771561e-09
1.417788431632771561e-09
3.720364411207068957e-10
0.000000000000000000e+00
1.122555198281835872e-09
6.135135100468802608e-10
1.264850927641500490e-10
3.972321094387475866e-10
0.000000000000000000e+00
3.972321094387475866e-10
6.381010769555764399e-11
3.539150191766124098e-11
9.356653657060607608e-11
0.000000000000000000e+00
0.000000000000000000e+00
5.833618152563395074e-10
1.554712598561376761e-11
8.161937091732730287e-10
4.731028950505170031e-11
0.000000000000000000e+00
0.000000000000000000e+00
2.507404803671916882e-11
9.819216127673587882e-10
1.457416373358180488e-11
2.695105438128424627e-10
8.278692561976638968e-10
1.286296637282076742e-09
1.711602761701518383e-10
1.027782593919848553e-09
9.868472341700929451e-10
8.597337699517089166e-10
5.205996689883307514e-09
6.614967651116167362e-09
2.875873716539219774e-09
5.605478774518925182e-10
1.994144918677514947e-08
2.512370965168660098e-10
5.430122598638099091e-09
3.679135135777211577e-09
4.662110790988331496e-11
1.872614501045487583e-10
1.121736288384345075e-10
7.267082087156388902e-10
8.876456245568764318e-10
2.027680359963683525e-11
4.516875904823715483e-10
2.655477496406065514e-10
9.676920398313890384e-11
5.178084835265953561e-10
2.196259583493403138e-11
2.370244152868019379e-11
9.927052777283931302e-10
1.771549398454840061e-08
1.045934420934320348e-10
1.280053462829499960e-10
1.925999047945125237e-09
3.171532620875421573e-09
1.408808800849407419e-09
1.414849274831781352e-09
2.150094551638668543e-09
1.693886740691720052e-09
2.833934989465241851e-09
8.703350044874432155e-10
1.965931040369250669e-09
1.570338777725888550e-08
5.276293212583481317e-10
2.105236937808591429e-09
4.110360113894537069e-10
3.445097174067669897e-10
0.000000000000000000e+00
0.000000000000000000e+00
1.049927620179059434e-09
1.778301351080965794e-09
5.003863782014557862e-10
1.532212846480095759e-09
5.180010489712976464e-11
9.770162614174168663e-12
1.781838474270074787e-09
1.456585301432540939e-09
2.077797375298628405e-08
1.049319518771537718e-09
4.400566375613996644e-09
6.836134133031165347e-09
6.564454694177912534e-11
6.922221022248523510e-11
1.410229731138516667e-08
2.111125386442115567e-10
9.407815255459700190e-09
2.508331144820089659e-08
3.407810422767299498e-09
8.856997000528095466e-10
3.112465704154274310e-09
0.000000000000000000e+00
9.562394633236069676e-11
3.375165512204911645e-10
1.293228993327790761e-10
6.402598369542495682e-10
2.971588878082858381e-11
2.538012574521143696e-10
2.677065096371961152e-10
1.823831254799130360e-10
2.498688683499489216e-10
5.898583652943309943e-12
8.710039160357203496e-10
9.678947403015775087e-12
3.215505109318739684e-11
0.000000000000000000e+00
0.000000000000000000e+00
5.488115202867563907e-11
6.070879051738831809e-11
7.884034748493133435e-11
1.038596663948216528e-09
1.799980166259063833e-11
6.547225154318427442e-11
2.432405630079810200e-11
2.673116491232507143e-08
1.945377212797080984e-09
5.893921542150536299e-10
1.733089011431868698e-11
1.063163960812024739e-10
1.325640798346177095e-09
2.022802035337629227e-09
9.117467103395543386e-10
2.493215770831816029e-11
7.885048250862327559e-11
3.057655497291828230e-10
7.777617002180201332e-11
4.055585942666467846e-11
0.000000000000000000e+00
3.948199738556871084e-10
1.489172780193978896e-11
5.982096246240925574e-10
3.162127319103730626e-12
0.000000000000000000e+00
1.562888184148660386e-10
1.444585433659509465e-09
1.251391616490423143e-09
4.340490010558800223e-09
2.623531902463333238e-09
3.588609106242559513e-10
5.537033582774906074e-10
2.243488792808258649e-10
4.318736196206702995e-10
6.047578632790179276e-09
5.668518620442982762e-10
5.377366423192911155e-09
4.808055128793126874e-11
4.977958662054205309e-09
1.065411909017184418e-08
2.263726407652956832e-09
5.326765629407632982e-10
8.231666053148700588e-11
6.008041906297126035e-11
8.576864952110323465e-10
4.980755928528786218e-10
2.492945503540250068e-10
8.266935934784865190e-10
9.752304702819762516e-09
3.649351680174016937e-10
4.136103073483571209e-10
2.460905316047605479e-09
2.967778109260172886e-09
1.354201294454113132e-09
1.776814398353240289e-11
6.813269520086374936e-12
4.071847024753607337e-09
1.074646942391706324e-09
2.620096129510843856e-09
1.427416703917695507e-11
2.024977687041443944e-11
2.103888979692637744e-09
5.237172022028971186e-10
2.603349692417319535e-11
2.739496840877388924e-11
1.392552223220688853e-11
8.697877132237208650e-11
4.834608890250775244e-10
1.080129990081833628e-09
9.537057074614722943e-12
5.275685111175970561e-10
3.010507368164142060e-10
1.939808017407053078e-09
1.447484050364633310e-10
1.882884658148921362e-10
2.382541314663176594e-10
0.000000000000000000e+00
3.200701218385409181e-09
1.148561668475755120e-09
1.749305048964719077e-11
2.805374493356683696e-11
4.120952462225578188e-23
3.034324673290989912e-10
7.320628794428956783e-10
4.216845427034893968e-11
4.169548650897165674e-11
9.526922051166202862e-11
3.110256269042234142e-09
1.049583029377765547e-10
1.564036820141319060e-10
1.415862777173598124e-10
2.573620290270919926e-11
7.563768007199291667e-11
1.326269169801011969e-10
3.810768820460404986e-11
3.152904447757378645e-10
1.878222547361986805e-10
3.209498418749554918e-09
2.628822384708756015e-10
1.972762046183407629e-09
6.732763650408053519e-10
1.037583161606405908e-09
3.622527651412651581e-10
2.558452889830554369e-09
1.016542852904084251e-11
4.274952894865105795e-11
8.163984366491750001e-09
4.804811921264216266e-10
1.547280248766426996e-11
3.022213320257381232e-10
6.402902420252827663e-10
2.987404582186570860e-09
2.304663794404766447e-09
6.228113805684670841e-09
2.104193030396408528e-09
5.554803657225578795e-10
8.019033260965619227e-10
1.801196369074103142e-09
2.371027928016158170e-09
7.698918545018597455e-10
1.692244866894456343e-10
9.785027315219875569e-10
0.000000000000000000e+00
1.105467548730520696e-09
8.797960488878857902e-11
1.157318328747100438e-09
9.725568510945907118e-11
2.522810039333144226e-10
5.636897347242813693e-10
1.621806453855103692e-09
2.041315344854783463e-09
2.979899597317954746e-10
1.999495342347994182e-11
6.988098674755167588e-12
4.107725007797283393e-11
2.932629847905726742e-09
4.364741406541841416e-09
2.093723551161572488e-09
2.054450335258230915e-09
2.506053467214130759e-10
2.379703508095761622e-11
5.822266926299802092e-09
5.047038981940350011e-10
2.669788149530718901e-09
1.142500924448489754e-09
2.159976199510883966e-10
2.502337291944609068e-10
9.678663622377591032e-10
1.127734195271238692e-09
3.113175155798399197e-10
2.453486478881949915e-10
1.144285280059828289e-08
3.800844258289642361e-08
1.829943349610294847e-08
3.744152781395786259e-08
4.198286070695631075e-08
4.109914172864365670e-09
8.111667375385926244e-10
4.512939020534031306e-08
6.910877616875112661e-08
5.184146452353778660e-08
2.622452785371229472e-08
9.530165258652582299e-10
4.105272332119273610e-09
3.897017870091622013e-10
8.528216839543159242e-10
3.362212952222706088e-09
5.845476130022132756e-10
1.384829335345187742e-09
1.668224861296402362e-11
2.361916541925807927e-09
9.899485513472355072e-10
6.535975278248897593e-10
3.508846471623701081e-10
4.041894652092426380e-09
3.232920457961661142e-09
7.997851061937502472e-10
1.520929187029779566e-11
4.262486816011120051e-10
5.898583652943531763e-10
0.000000000000000000e+00
1.387368158721586170e-09
2.895914036254769571e-11
7.329648965286902691e-11
3.944753830581900314e-10
5.786490293510956313e-09
4.393532669331690207e-10
1.563428718733808045e-10
6.090155866338979667e-09
1.089109620868232566e-10
1.960518937844328344e-10
1.422612702797067136e-09
2.272272259434917847e-11
2.608755038260598121e-10
1.398430536828743827e-10
5.233928814524238937e-10
3.904132656559612420e-09
6.070460137431125619e-09
1.656518909201136765e-09
3.070405356801794239e-11
5.584397925722868412e-10
5.347035676322960040e-10
1.299318115419734103e-08
6.918572413803438296e-10
2.482878046903960379e-10
3.088344348326699905e-09
1.757088746984012419e-09
3.881916685137191099e-10
2.811455507431884312e-11
2.203050049211215998e-10
2.769699210786238022e-10
7.548565471994083480e-11
2.619498163128801955e-10
4.347205477091962650e-09
3.056723075153895340e-11
9.501179091540634998e-10
6.324254638207500834e-12
4.382517925838812633e-08
5.701761497374229946e-10
9.275850493352310202e-09
1.824101522092713221e-10
1.869844479258373777e-09
4.465186605441200453e-06
4.109509082422724407e-06
4.109509082422724407e-06
2.483336805225904539e-06
1.923712082280395746e-06
4.841301859199156710e-06
3.149126388140313611e-06
4.152155813899113976e-06
2.302295115764957285e-06
1.600548853583137970e-06
2.739143984302486108e-06
4.426751470020677817e-06
3.033813355859815866e-06
2.302295115764957285e-06
3.647633144952047221e-06
1.995474954041615772e-06
1.699077018192887217e-06
3.726643712478100325e-06
1.896133347412384651e-06
1.699077018192887217e-06
4.938609860779683887e-06
2.504628650085844753e-06
3.680798701290114109e-06
1.422710092073899947e-06
4.820864128459673957e-06
2.739143984302486108e-06
3.839029442919737888e-06
6.726838040054917619e-09
5.073863010713876990e-10
1.408565560283356869e-10
1.342789258040672053e-09
3.149559890012983070e-10
1.721332384221838333e-10
1.209615049792279418e-11
1.318498985150049709e-10
3.648608445119722248e-11
3.181282513440645157e-09
9.227938859115282329e-10
1.193297662021290504e-10
7.151677953393259510e-10
6.176739371771687902e-10
1.944404250545046973e-10
1.325718500194448020e-09
2.163320757252225629e-11
5.330819638777927552e-10
1.601982347969650040e-09
4.018293560795980109e-09
1.063974762692769702e-10
8.124437504915492819e-10
6.563846592770567989e-10
0.000000000000000000e+00
4.081982048214292454e-10
5.999933887532217720e-12
5.948346618135731021e-10
0.000000000000000000e+00
2.671592183702298273e-11
3.283342199667422351e-09
1.227189180471080026e-09
4.225737220927838104e-09
3.734350743580006073e-10
4.862682905233299281e-10
2.646212057961156066e-08
1.306068041043201244e-08
8.934833980690689190e-10
1.855722795281931517e-11
2.620511665470603476e-10
4.461640026973894705e-10
2.917130018703683203e-10
6.371483847545166368e-10
0.000000000000000000e+00
1.834516272194784830e-08
6.599096204379888379e-09
1.167554702438309387e-11
2.284474827675102472e-09
9.776649029147198051e-10
4.976296518215082897e-11
1.747723985308207442e-08
5.822570977012664419e-11
1.075325988962421006e-09
8.574229846031343631e-11
5.120619252258380723e-10
3.995226247406088814e-11
1.195594934005391637e-10
1.841533762437563124e-10
2.187138062379087763e-11
3.291369138248660920e-10
2.309265095058028810e-11
1.484983637163725021e-10
2.338758013321736300e-10
3.079628228148193573e-10
1.064582864100291831e-10
2.695916240003092009e-11
3.220910455163006880e-11
1.516463020028364400e-09
1.718291877184237767e-10
5.160753945154690178e-11
1.397619734947996278e-10
1.806061180334259924e-11
1.331944782935843076e-10
3.081047131436451925e-12
6.065000738124709207e-10
8.152004768763587004e-10
1.382376659667180311e-09
1.049664109565084336e-09
3.245639912401131077e-10
2.985169809545421884e-10
3.929348594914969171e-10
0.000000000000000000e+00
4.357147935104979866e-10
4.721569525631237775e-08
1.962714672754133561e-08
2.643761409287015655e-09
2.146065155882159834e-09
6.294984690479168892e-09
2.007302206130145527e-09
1.224128403386001072e-09
2.376561650821751433e-09
4.995725358197501981e-09
1.217116033992345999e-09
6.815847129432083627e-08
6.845703751936857883e-08
2.503426576505649591e-08
3.120471930283386654e-08
2.919985392638901848e-08
6.717696248874115492e-09
0.000000000000000000e+00
1.785063438728338328e-08
8.199284653186101273e-09
1.107285771939008492e-08
6.737966295790057352e-09
6.998030997719528383e-09
5.181642228501797358e-09
4.239622203088367909e-09
4.730562739408898444e-09
2.951055320555401922e-09
0.000000000000000000e+00
1.387225254890816329e-08
2.411588291895907865e-09
3.593859048393775250e-09
2.965933534992929305e-09
5.583789824297141071e-10
2.528445112376353646e-09
1.770771028647170628e-09
0.000000000000000000e+00
2.418176057143838241e-09
1.069533823057315983e-09
2.328501369579551204e-09
1.586070361141475781e-09
1.411481068698638287e-09
1.472507423285297315e-09
2.185992804729066297e-09
1.234486397361367914e-09
2.162057257658897789e-09
9.837729437192801798e-10
1.733190361664222913e-09
1.945701533547857060e-09
1.581063659551875612e-11
4.809555112260940231e-09
9.861377825302195391e-09
1.134109125024711432e-10
9.527732853022603383e-10
8.441055637784462307e-10
2.685781216548490212e-10
2.261326434099556029e-10
2.613011748113240103e-10
2.579971571640014500e-10
1.072364129710918350e-07
6.699453206647315268e-10
5.509398752130776141e-10
1.705237966967453150e-09
5.352265348427614785e-09
5.147375714189268600e-10
7.953966410360977814e-11
5.211429062445986321e-11
2.602856454607658177e-09
2.874414273161172040e-09
5.114335537709941506e-10
9.009833154264503870e-10
6.588778750478689921e-10
8.126261809138025086e-10
8.917604440831189364e-10
5.396291890332071582e-10
4.885081307074920576e-12
1.550861289643025674e-10
3.618203374743732226e-10
1.333566386691255034e-10
6.576211321369665373e-10
2.510850711649890963e-10
1.155189973820764713e-10
3.261732055228450306e-08
4.995917923620924081e-09
6.346267909159736949e-09
0.000000000000000000e+00
8.346982350041147667e-09
1.987759853898555542e-08
1.354829665909565135e-09
9.829959252560042939e-10
5.462372243284601531e-10
4.614982931905528977e-09
2.873076450064631937e-10
5.345211372100380469e-11
8.129099615726729683e-10
9.680366306310097465e-10
2.628315633537851946e-09
8.185855747075003523e-10
7.379918681662146237e-10
5.714531626932152272e-10
3.174289347254155040e-11
7.215143470250880897e-09
2.131395433357429184e-10
1.723359388911546227e-10
6.803235846884330432e-10
1.064582864100291444e-10
3.283747600607744788e-11
3.680229718310757201e-09
1.447544860505387177e-09
1.278026458139794134e-10
2.961048453681801739e-10
2.527674850593296447e-10
5.155686433421298451e-10
5.493182714594894048e-12
1.896133347412384651e-06
1.739952479671854416e-06
1.294135412869537289e-06
0.000000000000000000e+00
4.938609860779683887e-06
3.835582482362181913e-06
5.146495136883535744e-06
5.146495136883535744e-06
3.201097707166275940e-06
4.316952432080009278e-09
2.574295958499112905e-12
0.000000000000000000e+00
1.116879585147007752e-11
7.309378918389821169e-11
0.000000000000000000e+00
0.000000000000000000e+00
3.226991469241244153e-11
0.000000000000000000e+00
1.625657762767979218e-11
0.000000000000000000e+00
3.912119055043007126e-12
9.729622520319247587e-13
0.000000000000000000e+00
0.000000000000000000e+00
2.750645366679889145e-11
0.000000000000000000e+00
0.000000000000000000e+00
0.000000000000000000e+00
0.000000000000000000e+00
0.000000000000000000e+00
0.000000000000000000e+00
0.000000000000000000e+00
1.181338334344122395e-09
0.000000000000000000e+00
0.000000000000000000e+00
0.000000000000000000e+00
0.000000000000000000e+00
7.918291127766204370e-10
0.000000000000000000e+00
0.000000000000000000e+00
0.000000000000000000e+00
0.000000000000000000e+00
0.000000000000000000e+00
0.000000000000000000e+00
0.000000000000000000e+00
0.000000000000000000e+00
0.000000000000000000e+00
0.000000000000000000e+00
0.000000000000000000e+00
0.000000000000000000e+00
0.000000000000000000e+00
0.000000000000000000e+00
0.000000000000000000e+00
0.000000000000000000e+00
0.000000000000000000e+00
0.000000000000000000e+00
0.000000000000000000e+00
0.000000000000000000e+00
0.000000000000000000e+00
0.000000000000000000e+00
0.000000000000000000e+00
0.000000000000000000e+00
0.000000000000000000e+00
0.000000000000000000e+00
0.000000000000000000e+00
0.000000000000000000e+00
0.000000000000000000e+00
0.000000000000000000e+00
0.000000000000000000e+00
0.000000000000000000e+00
0.000000000000000000e+00
0.000000000000000000e+00
0.000000000000000000e+00
0.000000000000000000e+00
0.000000000000000000e+00
0.000000000000000000e+00
0.000000000000000000e+00
0.000000000000000000e+00
0.000000000000000000e+00
0.000000000000000000e+00
0.000000000000000000e+00
0.000000000000000000e+00
0.000000000000000000e+00
0.000000000000000000e+00
0.000000000000000000e+00
0.000000000000000000e+00
0.000000000000000000e+00
0.000000000000000000e+00
0.000000000000000000e+00
0.000000000000000000e+00
0.000000000000000000e+00
0.000000000000000000e+00
0.000000000000000000e+00
0.000000000000000000e+00
0.000000000000000000e+00
0.000000000000000000e+00
0.000000000000000000e+00
0.000000000000000000e+00
0.000000000000000000e+00
0.000000000000000000e+00
0.000000000000000000e+00
0.000000000000000000e+00
0.000000000000000000e+00
0.000000000000000000e+00
0.000000000000000000e+00
0.000000000000000000e+00
0.000000000000000000e+00
0.000000000000000000e+00
0.000000000000000000e+00
0.000000000000000000e+00
0.000000000000000000e+00
0.000000000000000000e+00
0.000000000000000000e+00
0.000000000000000000e+00
0.000000000000000000e+00
0.000000000000000000e+00
0.000000000000000000e+00
0.000000000000000000e+00
0.000000000000000000e+00
0.000000000000000000e+00
0.000000000000000000e+00
0.000000000000000000e+00
0.000000000000000000e+00
0.000000000000000000e+00
0.000000000000000000e+00
0.000000000000000000e+00
0.000000000000000000e+00
0.000000000000000000e+00
0.000000000000000000e+00
0.000000000000000000e+00
0.000000000000000000e+00
0.000000000000000000e+00
0.000000000000000000e+00
0.000000000000000000e+00
0.000000000000000000e+00
0.000000000000000000e+00
0.000000000000000000e+00
0.000000000000000000e+00
0.000000000000000000e+00
0.000000000000000000e+00
0.000000000000000000e+00
0.000000000000000000e+00
0.000000000000000000e+00
0.000000000000000000e+00
0.000000000000000000e+00
0.000000000000000000e+00
0.000000000000000000e+00
0.000000000000000000e+00
0.000000000000000000e+00
0.000000000000000000e+00
0.000000000000000000e+00
0.000000000000000000e+00
0.000000000000000000e+00
0.000000000000000000e+00
4.319546998081368051e-11
2.332048627794131739e-09
1.400660241985596360e-11
3.148951788605463526e-10
1.149858951479476709e-09
9.579624173110711560e-11
2.699970249388585894e-11
3.862862841033877199e-10
4.109509082422724407e-06
0.000000000000000000e+00
0.000000000000000000e+00
0.000000000000000000e+00
0.000000000000000000e+00
0.000000000000000000e+00
0.000000000000000000e+00
0.000000000000000000e+00
0.000000000000000000e+00
0.000000000000000000e+00
0.000000000000000000e+00
0.000000000000000000e+00
0.000000000000000000e+00
0.000000000000000000e+00
0.000000000000000000e+00
0.000000000000000000e+00
0.000000000000000000e+00
0.000000000000000000e+00
0.000000000000000000e+00
0.000000000000000000e+00
0.000000000000000000e+00
0.000000000000000000e+00
0.000000000000000000e+00
0.000000000000000000e+00
0.000000000000000000e+00
0.000000000000000000e+00
0.000000000000000000e+00
0.000000000000000000e+00
0.000000000000000000e+00
0.000000000000000000e+00
0.000000000000000000e+00
0.000000000000000000e+00
0.000000000000000000e+00
0.000000000000000000e+00
0.000000000000000000e+00
0.000000000000000000e+00
0.000000000000000000e+00
0.000000000000000000e+00
0.000000000000000000e+00
0.000000000000000000e+00
0.000000000000000000e+00
0.000000000000000000e+00
0.000000000000000000e+00
0.000000000000000000e+00
0.000000000000000000e+00
0.000000000000000000e+00
0.000000000000000000e+00
0.000000000000000000e+00
0.000000000000000000e+00
0.000000000000000000e+00
0.000000000000000000e+00
0.000000000000000000e+00
0.000000000000000000e+00
0.000000000000000000e+00
0.000000000000000000e+00
0.000000000000000000e+00
0.000000000000000000e+00
0.000000000000000000e+00
0.000000000000000000e+00
0.000000000000000000e+00
0.000000000000000000e+00
0.000000000000000000e+00
0.000000000000000000e+00
0.000000000000000000e+00
0.000000000000000000e+00
0.000000000000000000e+00
0.000000000000000000e+00
0.000000000000000000e+00
0.000000000000000000e+00
0.000000000000000000e+00
0.000000000000000000e+00
0.000000000000000000e+00
0.000000000000000000e+00
0.000000000000000000e+00
0.000000000000000000e+00
0.000000000000000000e+00
0.000000000000000000e+00
0.000000000000000000e+00
0.000000000000000000e+00
0.000000000000000000e+00
0.000000000000000000e+00
0.000000000000000000e+00
0.000000000000000000e+00
0.000000000000000000e+00
0.000000000000000000e+00
0.000000000000000000e+00
0.000000000000000000e+00
0.000000000000000000e+00
0.000000000000000000e+00
0.000000000000000000e+00
0.000000000000000000e+00
0.000000000000000000e+00
0.000000000000000000e+00
0.000000000000000000e+00
0.000000000000000000e+00
0.000000000000000000e+00
0.000000000000000000e+00
0.000000000000000000e+00
0.000000000000000000e+00
0.000000000000000000e+00
